   cyc       Macc       Menv        Mej       Yenv        Yej       Zenv        Zej       Tmax         Tc       RHOc       Time         t3       t-ML        C12        C13        N14        N15        O16        O17        O18         Ne         Na         Mg       Al26       Al27         Si          P    Vej_avg    Mdot_ej         Mwd Iacc Iej     Press
     1  2.547E-04  2.866E-04  2.145E-04  2.721E-01  2.777E-01  5.091E-02  5.178E-02  9.016E+07  5.006E+06  1.494E+06  3.144E+04  0.000E+00  2.606E+01  7.593E-04  2.422E-04  2.312E-02  7.820E-07  2.585E-02  1.810E-03  3.258E-07  1.375E-10  2.331E-14  1.627E-19  1.067E-22  1.508E-25  3.506E-29  0.000E+00  1.106E-01  3.007E-03  0.44330218 241  43  4.773E+22
     2  5.031E-04  6.491E-04  6.172E-04  2.713E-01  2.724E-01  1.370E-01  1.436E-01  1.067E+08  5.010E+06  1.494E+06  1.078E+07  1.191E+02  8.569E+01  8.861E-03  4.241E-03  6.103E-02  1.930E-06  6.868E-02  8.153E-04  1.940E-07  8.961E-11  1.200E-13  2.875E-17  4.296E-21  1.371E-24  2.530E-28  0.000E+00  3.592E-01  2.631E-03  0.44318812 325 150  4.769E+22
     3  5.490E-04  6.646E-04  6.425E-04  2.448E-01  2.457E-01  1.513E-01  1.584E-01  1.072E+08  5.038E+06  1.493E+06  3.341E+07  1.183E+02  7.426E+01  1.246E-02  6.275E-03  6.203E-02  1.962E-06  7.698E-02  6.987E-04  1.924E-07  7.112E-12  5.789E-15  6.405E-19  5.161E-23  1.262E-26  0.000E+00  0.000E+00  4.395E-01  3.160E-03  0.44309456 313 157  4.765E+22
     4  5.613E-04  6.738E-04  6.458E-04  2.416E-01  2.424E-01  1.578E-01  1.652E-01  1.273E+08  5.087E+06  1.492E+06  5.932E+07  1.089E+02  4.526E+01  1.455E-02  7.519E-03  6.205E-02  1.988E-06  8.037E-02  6.571E-04  2.025E-07  2.154E-12  2.143E-16  2.103E-20  1.536E-24  3.505E-28  0.000E+00  0.000E+00  5.757E-01  5.212E-03  0.44301010 140 160  4.761E+22
     5  5.587E-04  6.733E-04  6.453E-04  2.428E-01  2.437E-01  1.539E-01  1.612E-01  1.076E+08  5.116E+06  1.491E+06  8.579E+07  1.825E+03  4.262E+01  1.347E-02  6.910E-03  6.169E-02  1.949E-06  7.843E-02  6.710E-04  1.875E-07  2.295E-12  4.165E-17  6.693E-22  5.099E-26  0.000E+00  0.000E+00  0.000E+00  5.809E-01  5.530E-03  0.44292353 120 160  4.756E+22
     6  5.582E-04  6.728E-04  6.448E-04  2.428E-01  2.437E-01  1.539E-01  1.610E-01  1.073E+08  5.132E+06  1.490E+06  1.118E+08  4.763E+01  7.258E+01  1.328E-02  6.763E-03  6.197E-02  1.959E-06  7.836E-02  6.715E-04  1.929E-07  2.295E-12  3.631E-17  1.259E-22  6.677E-27  0.000E+00  0.000E+00  0.000E+00  4.466E-01  3.245E-03  0.44283697 100 160  4.752E+22
     7  5.578E-04  6.723E-04  6.486E-04  2.428E-01  2.437E-01  1.540E-01  1.611E-01  1.077E+08  5.143E+06  1.489E+06  1.376E+08  2.979E+02  9.026E+01  1.323E-02  6.762E-03  6.207E-02  1.983E-06  7.840E-02  6.769E-04  1.977E-07  2.354E-12  3.698E-17  1.495E-22  9.462E-27  0.000E+00  0.000E+00  0.000E+00  4.088E-01  2.625E-03  0.44274618  80 161  4.748E+22
     8  5.604E-04  6.687E-04  6.456E-04  2.436E-01  2.445E-01  1.508E-01  1.581E-01  1.069E+08  5.153E+06  1.488E+06  1.636E+08  6.170E+00  4.227E+01  1.253E-02  6.308E-03  6.162E-02  1.967E-06  7.693E-02  6.707E-04  1.884E-07  2.362E-12  3.635E-17  1.111E-22  6.016E-27  0.000E+00  0.000E+00  0.000E+00  6.372E-01  5.578E-03  0.44266096 140 157  4.744E+22
     9  5.604E-04  6.713E-04  6.430E-04  2.425E-01  2.433E-01  1.547E-01  1.619E-01  1.192E+08  5.162E+06  1.488E+06  1.893E+08  8.472E+01  9.507E+01  1.368E-02  6.977E-03  6.174E-02  1.966E-06  7.881E-02  6.592E-04  1.898E-07  2.113E-12  3.068E-17  1.018E-22  5.424E-27  0.000E+00  0.000E+00  0.000E+00  3.601E-01  2.470E-03  0.44257839 124 157  4.740E+22
    10  5.547E-04  6.655E-04  6.424E-04  2.441E-01  2.450E-01  1.498E-01  1.567E-01  1.065E+08  5.171E+06  1.487E+06  2.148E+08  2.425E-03  7.743E+01  1.213E-02  6.044E-03  6.158E-02  1.966E-06  7.623E-02  6.806E-04  1.901E-07  2.592E-12  4.533E-17  1.467E-22  7.342E-27  0.000E+00  0.000E+00  0.000E+00  4.094E-01  3.031E-03  0.44249068 107 157  4.736E+22
    11  5.591E-04  6.699E-04  6.417E-04  2.424E-01  2.433E-01  1.551E-01  1.621E-01  1.066E+08  5.179E+06  1.486E+06  2.405E+08  2.222E-03  4.921E+01  1.364E-02  6.912E-03  6.196E-02  1.973E-06  7.888E-02  6.580E-04  1.806E-07  2.111E-12  3.100E-17  9.632E-23  4.951E-27  0.000E+00  0.000E+00  0.000E+00  5.230E-01  4.763E-03  0.44240814  91 157  4.733E+22
    12  5.554E-04  6.727E-04  6.446E-04  2.417E-01  2.425E-01  1.577E-01  1.648E-01  1.075E+08  5.187E+06  1.485E+06  2.654E+08  1.579E+02  6.840E+01  1.460E-02  7.511E-03  6.182E-02  1.957E-06  8.023E-02  6.576E-04  1.923E-07  2.071E-12  3.322E-17  1.241E-22  6.373E-27  0.000E+00  0.000E+00  0.000E+00  4.488E-01  3.442E-03  0.44231898 139 160  4.729E+22
    13  5.553E-04  6.704E-04  6.422E-04  2.425E-01  2.433E-01  1.549E-01  1.622E-01  1.071E+08  5.195E+06  1.484E+06  2.901E+08  4.357E+01  8.014E+01  1.375E-02  6.991E-03  6.187E-02  1.957E-06  7.894E-02  6.638E-04  1.816E-07  2.199E-12  3.426E-17  1.167E-22  5.802E-27  0.000E+00  0.000E+00  0.000E+00  1.367E-01  2.927E-03  0.44223209 118 159  4.725E+22
    14  5.547E-04  6.697E-04  6.416E-04  2.424E-01  2.433E-01  1.550E-01  1.622E-01  1.071E+08  5.204E+06  1.484E+06  3.147E+08  4.681E+01  8.729E+01  1.370E-02  6.948E-03  6.198E-02  1.962E-06  7.893E-02  6.640E-04  1.842E-07  2.199E-12  3.457E-17  1.120E-22  5.566E-27  0.000E+00  0.000E+00  0.000E+00  4.035E-01  2.685E-03  0.44214518  98 159  4.721E+22
    15  5.541E-04  6.692E-04  6.410E-04  2.424E-01  2.432E-01  1.551E-01  1.623E-01  1.071E+08  5.213E+06  1.483E+06  3.391E+08  7.736E+01  4.778E+01  1.380E-02  7.010E-03  6.186E-02  1.956E-06  7.898E-02  6.602E-04  1.859E-07  2.157E-12  3.437E-17  1.090E-22  5.377E-27  0.000E+00  0.000E+00  0.000E+00  6.192E-01  4.900E-03  0.44205832  78 159  4.717E+22
    16  5.534E-04  6.635E-04  6.348E-04  2.442E-01  2.451E-01  1.493E-01  1.561E-01  1.061E+08  5.222E+06  1.482E+06  3.636E+08  1.854E-03  9.911E+01  1.213E-02  6.034E-03  6.132E-02  1.934E-06  7.595E-02  6.710E-04  1.815E-07  2.454E-12  3.810E-17  1.123E-22  5.680E-27  0.000E+00  0.000E+00  0.000E+00  3.332E-01  2.340E-03  0.44197692 139 155  4.713E+22
    17  5.524E-04  6.702E-04  6.415E-04  2.416E-01  2.424E-01  1.581E-01  1.652E-01  1.193E+08  5.231E+06  1.481E+06  3.878E+08  1.692E-03  6.841E+01  1.432E-02  7.345E-03  6.253E-02  1.984E-06  8.035E-02  6.672E-04  1.855E-07  2.145E-12  3.373E-17  1.362E-22  7.972E-27  0.000E+00  0.000E+00  0.000E+00  4.482E-01  3.425E-03  0.44188781 123 156  4.709E+22
    18  5.524E-04  6.650E-04  6.415E-04  2.434E-01  2.443E-01  1.519E-01  1.590E-01  1.067E+08  5.239E+06  1.480E+06  4.120E+08  2.021E-03  6.802E+01  1.283E-02  6.430E-03  6.171E-02  1.969E-06  7.733E-02  6.727E-04  1.856E-07  2.454E-12  4.343E-17  1.521E-22  7.933E-27  0.000E+00  0.000E+00  0.000E+00  4.491E-01  3.445E-03  0.44179872 106 156  4.705E+22
    19  5.555E-04  6.629E-04  6.342E-04  2.436E-01  2.445E-01  1.510E-01  1.579E-01  1.062E+08  5.248E+06  1.480E+06  4.359E+08  1.729E-03  7.919E+01  1.263E-02  6.303E-03  6.150E-02  1.946E-06  7.685E-02  6.611E-04  1.755E-07  2.274E-12  3.444E-17  9.620E-23  4.998E-27  0.000E+00  0.000E+00  0.000E+00  4.417E-01  2.925E-03  0.44172005  90 155  4.701E+22
    20  5.514E-04  6.643E-04  6.449E-04  2.433E-01  2.412E-01  1.522E-01  1.697E-01  1.093E+08  5.257E+06  1.479E+06  4.593E+08  8.837E+01  6.369E+01  1.736E-02  7.101E-03  6.193E-02  1.947E-06  8.260E-02  6.662E-04  1.511E-07  2.336E-12  3.799E-17  1.144E-22  5.790E-27  0.000E+00  0.000E+00  0.000E+00  5.107E-01  3.698E-03  0.44162658 138 160  4.697E+22
    21  5.525E-04  6.718E-04  6.393E-04  2.405E-01  2.413E-01  1.618E-01  1.690E-01  1.070E+08  5.265E+06  1.478E+06  4.836E+08  7.317E+01  6.554E+01  1.607E-02  8.258E-03  6.177E-02  1.950E-06  8.226E-02  6.391E-04  1.813E-07  1.851E-12  3.097E-17  1.032E-22  4.101E-27  0.000E+00  0.000E+00  0.000E+00  4.634E-01  3.563E-03  0.44153970 117 159  4.693E+22
    22  5.485E-04  6.722E-04  6.440E-04  2.405E-01  2.413E-01  1.623E-01  1.694E-01  1.354E+08  5.273E+06  1.477E+06  5.074E+08  8.763E+01  6.731E+01  1.583E-02  8.202E-03  6.229E-02  1.983E-06  8.238E-02  6.635E-04  1.972E-07  2.106E-12  4.271E-17  2.331E-22  1.299E-26  0.000E+00  0.000E+00  0.000E+00  4.758E-01  3.495E-03  0.44144416  96 160  4.688E+22
    23  5.495E-04  6.687E-04  6.390E-04  2.406E-01  2.413E-01  1.618E-01  1.688E-01  1.068E+08  5.280E+06  1.476E+06  5.299E+08  7.367E+01  7.823E+01  1.591E-02  8.130E-03  6.197E-02  1.977E-06  8.217E-02  6.372E-04  1.901E-07  1.803E-12  2.772E-17  7.843E-23  2.917E-27  0.000E+00  0.000E+00  0.000E+00  4.218E-01  2.983E-03  0.44135470 138 158  4.684E+22
    24  5.500E-04  6.713E-04  6.416E-04  2.404E-01  2.412E-01  1.622E-01  1.695E-01  1.135E+08  5.289E+06  1.475E+06  5.539E+08  6.866E+01  5.592E+01  1.611E-02  8.287E-03  6.200E-02  1.983E-06  8.251E-02  6.418E-04  1.929E-07  1.825E-12  2.864E-17  9.261E-23  3.918E-27  0.000E+00  0.000E+00  0.000E+00  5.143E-01  4.191E-03  0.44126305 118 158  4.680E+22
    25  5.498E-04  6.666E-04  6.369E-04  2.420E-01  2.428E-01  1.566E-01  1.638E-01  1.068E+08  5.297E+06  1.475E+06  5.778E+08  4.886E+01  4.874E+01  1.438E-02  7.280E-03  6.179E-02  1.954E-06  7.969E-02  6.526E-04  1.780E-07  2.070E-12  3.351E-17  1.031E-22  4.719E-27  0.000E+00  0.000E+00  0.000E+00  5.699E-01  4.774E-03  0.44117594  98 157  4.676E+22
    26  5.491E-04  6.658E-04  6.361E-04  2.420E-01  2.429E-01  1.565E-01  1.636E-01  1.072E+08  5.305E+06  1.474E+06  6.015E+08  5.984E+01  1.012E+02  1.422E-02  7.239E-03  6.192E-02  1.956E-06  7.961E-02  6.577E-04  1.783E-07  2.118E-12  3.332E-17  1.244E-22  6.954E-27  0.000E+00  0.000E+00  0.000E+00  3.217E-01  2.296E-03  0.44108888  79 157  4.672E+22
    27  5.483E-04  6.638E-04  6.374E-04  2.424E-01  2.433E-01  1.551E-01  1.623E-01  1.066E+08  5.312E+06  1.473E+06  6.239E+08  2.050E-03  1.028E+02  1.382E-02  6.952E-03  6.189E-02  1.956E-06  7.893E-02  6.571E-04  1.764E-07  2.167E-12  3.479E-17  1.034E-22  4.714E-27  0.000E+00  0.000E+00  0.000E+00  3.333E-01  2.265E-03  0.44099977 137 156  4.668E+22
    28  5.507E-04  6.637E-04  6.326E-04  2.423E-01  2.431E-01  1.554E-01  1.626E-01  1.065E+08  5.320E+06  1.472E+06  6.474E+08  2.059E-03  1.041E+02  1.405E-02  7.081E-03  6.172E-02  1.949E-06  7.915E-02  6.487E-04  1.778E-07  2.035E-12  3.069E-17  8.743E-23  3.942E-27  0.000E+00  0.000E+00  0.000E+00  3.321E-01  2.219E-03  0.44091786 119 155  4.664E+22
    29  5.471E-04  6.649E-04  6.386E-04  2.421E-01  2.430E-01  1.567E-01  1.635E-01  1.087E+08  5.328E+06  1.471E+06  6.709E+08  8.494E+01  6.129E+01  1.412E-02  7.102E-03  6.208E-02  1.976E-06  7.952E-02  6.578E-04  1.840E-07  2.155E-12  3.627E-17  1.057E-22  4.360E-27  0.000E+00  0.000E+00  0.000E+00  4.798E-01  3.806E-03  0.44082643 102 157  4.660E+22
    30  5.505E-04  6.635E-04  6.324E-04  2.423E-01  2.431E-01  1.554E-01  1.627E-01  1.065E+08  5.335E+06  1.471E+06  6.942E+08  2.743E-03  8.083E+01  1.412E-02  7.122E-03  6.163E-02  1.946E-06  7.919E-02  6.457E-04  1.770E-07  1.999E-12  2.997E-17  8.278E-23  3.698E-27  0.000E+00  0.000E+00  0.000E+00  4.012E-01  2.857E-03  0.44074458  83 155  4.657E+22
    31  5.463E-04  6.644E-04  6.385E-04  2.419E-01  2.428E-01  1.571E-01  1.641E-01  1.072E+08  5.342E+06  1.470E+06  7.173E+08  1.662E+02  8.650E+01  1.436E-02  7.233E-03  6.205E-02  1.975E-06  7.985E-02  6.559E-04  1.859E-07  2.124E-12  3.532E-17  1.052E-22  4.742E-27  0.000E+00  0.000E+00  0.000E+00  3.794E-01  2.696E-03  0.44065233 137 157  4.652E+22
    32  5.501E-04  6.612E-04  6.306E-04  2.428E-01  2.436E-01  1.536E-01  1.608E-01  1.063E+08  5.349E+06  1.469E+06  7.403E+08  5.123E+01  6.874E+01  1.367E-02  6.850E-03  6.135E-02  1.936E-06  7.827E-02  6.454E-04  1.724E-07  2.048E-12  3.072E-17  7.808E-23  3.418E-27  0.000E+00  0.000E+00  0.000E+00  4.666E-01  3.350E-03  0.44057191 118 155  4.649E+22
    33  5.435E-04  6.592E-04  6.286E-04  2.425E-01  2.433E-01  1.552E-01  1.621E-01  1.061E+08  5.356E+06  1.468E+06  7.629E+08  1.910E-03  8.739E+01  1.385E-02  6.920E-03  6.180E-02  1.951E-06  7.887E-02  6.538E-04  1.738E-07  2.154E-12  3.529E-17  9.601E-23  4.073E-27  0.000E+00  0.000E+00  0.000E+00  3.782E-01  2.627E-03  0.44048681 100 155  4.645E+22
    34  5.457E-04  6.614E-04  6.308E-04  2.426E-01  2.434E-01  1.546E-01  1.617E-01  1.064E+08  5.362E+06  1.468E+06  7.852E+08  4.837E+01  1.052E+02  1.366E-02  6.837E-03  6.186E-02  1.951E-06  7.867E-02  6.572E-04  1.747E-07  2.196E-12  3.544E-17  1.032E-22  4.634E-27  0.000E+00  0.000E+00  0.000E+00  3.263E-01  2.190E-03  0.44040172  82 155  4.641E+22
    35  5.451E-04  6.604E-04  6.293E-04  2.427E-01  2.436E-01  1.541E-01  1.613E-01  1.062E+08  5.370E+06  1.467E+06  8.075E+08  3.823E+01  7.768E+01  1.353E-02  6.753E-03  6.187E-02  1.953E-06  7.849E-02  6.582E-04  1.735E-07  2.213E-12  3.539E-17  9.911E-23  4.475E-27  0.000E+00  0.000E+00  0.000E+00  3.469E-01  2.959E-03  0.44031750 136 154  4.637E+22
    36  5.446E-04  6.622E-04  6.311E-04  2.421E-01  2.429E-01  1.566E-01  1.636E-01  1.065E+08  5.378E+06  1.466E+06  8.301E+08  9.528E+01  1.119E+02  1.422E-02  7.159E-03  6.196E-02  1.956E-06  7.964E-02  6.535E-04  1.784E-07  2.106E-12  3.413E-17  1.031E-22  4.633E-27  0.000E+00  0.000E+00  0.000E+00  3.084E-01  2.060E-03  0.44023104 119 155  4.633E+22
    37  5.433E-04  6.609E-04  6.346E-04  2.420E-01  2.428E-01  1.572E-01  1.641E-01  1.065E+08  5.385E+06  1.465E+06  8.526E+08  3.797E+01  7.180E+01  1.429E-02  7.148E-03  6.213E-02  1.971E-06  7.985E-02  6.527E-04  1.749E-07  2.094E-12  3.402E-17  8.935E-23  3.490E-27  0.000E+00  0.000E+00  0.000E+00  4.336E-01  3.228E-03  0.44013978 101 156  4.629E+22
    38  5.463E-04  6.591E-04  6.280E-04  2.421E-01  2.429E-01  1.561E-01  1.634E-01  1.062E+08  5.392E+06  1.464E+06  8.748E+08  1.719E-03  8.185E+01  1.440E-02  7.214E-03  6.155E-02  1.943E-06  7.957E-02  6.375E-04  1.662E-07  1.916E-12  2.825E-17  7.010E-23  2.871E-27  0.000E+00  0.000E+00  0.000E+00  4.039E-01  2.803E-03  0.44005807  82 154  4.626E+22
    39  5.440E-04  6.617E-04  6.312E-04  2.420E-01  2.428E-01  1.568E-01  1.640E-01  1.066E+08  5.399E+06  1.464E+06  8.969E+08  2.182E+03  4.409E+01  1.441E-02  7.259E-03  6.186E-02  1.954E-06  7.987E-02  6.524E-04  1.727E-07  2.083E-12  3.462E-17  1.093E-22  5.310E-27  0.000E+00  0.000E+00  0.000E+00  5.592E-01  5.229E-03  0.43997086 136 155  4.622E+22
    40  5.440E-04  6.639E-04  6.334E-04  2.409E-01  2.417E-01  1.607E-01  1.677E-01  1.063E+08  5.406E+06  1.463E+06  9.189E+08  6.921E+01  4.763E+01  1.549E-02  7.843E-03  6.206E-02  1.959E-06  8.166E-02  6.412E-04  1.779E-07  1.888E-12  3.040E-17  8.643E-23  3.639E-27  0.000E+00  0.000E+00  0.000E+00  5.407E-01  4.857E-03  0.43988142 118 156  4.618E+22
    41  5.440E-04  6.592E-04  6.287E-04  2.426E-01  2.434E-01  1.548E-01  1.618E-01  1.063E+08  5.412E+06  1.462E+06  9.408E+08  4.852E+01  7.819E+01  1.391E-02  6.948E-03  6.153E-02  1.943E-06  7.881E-02  6.504E-04  1.743E-07  2.122E-12  3.497E-17  9.536E-23  4.210E-27  0.000E+00  0.000E+00  0.000E+00  3.979E-01  2.937E-03  0.43979668  99 155  4.614E+22
    42  5.423E-04  6.669E-04  6.318E-04  2.391E-01  2.398E-01  1.666E-01  1.739E-01  1.231E+08  5.419E+06  1.461E+06  9.625E+08  6.441E+03  6.368E+01  1.746E-02  8.946E-03  6.216E-02  1.980E-06  8.471E-02  6.288E-04  1.907E-07  1.654E-12  2.633E-17  7.332E-23  2.656E-27  0.000E+00  0.000E+00  0.000E+00  4.639E-01  3.623E-03  0.43970724  80 155  4.610E+22
    43  5.406E-04  6.635E-04  6.350E-04  2.417E-01  2.425E-01  1.595E-01  1.668E-01  1.065E+08  5.425E+06  1.460E+06  9.843E+08  9.807E+01  7.598E+01  1.519E-02  7.653E-03  6.213E-02  1.966E-06  8.111E-02  6.856E-04  1.882E-07  3.543E-12  1.637E-16  1.588E-21  7.919E-26  0.000E+00  0.000E+00  0.000E+00  4.006E-01  3.053E-03  0.43961283 135 157  4.606E+22
    44  5.443E-04  6.605E-04  6.277E-04  2.415E-01  2.423E-01  1.586E-01  1.655E-01  1.065E+08  5.433E+06  1.459E+06  1.006E+09  9.866E+01  4.976E+01  1.510E-02  7.645E-03  6.150E-02  1.935E-06  8.062E-02  6.360E-04  1.749E-07  1.943E-12  3.300E-17  1.091E-22  5.195E-27  0.000E+00  0.000E+00  0.000E+00  5.323E-01  4.607E-03  0.43952946 115 156  4.602E+22
    45  5.410E-04  6.704E-04  6.375E-04  2.382E-01  2.389E-01  1.701E-01  1.773E-01  1.072E+08  5.440E+06  1.459E+06  1.027E+09  1.449E+02  9.761E+01  1.857E-02  9.601E-03  6.215E-02  1.966E-06  8.639E-02  6.299E-04  1.885E-07  1.642E-12  2.974E-17  1.150E-22  4.553E-27  0.000E+00  0.000E+00  0.000E+00  3.558E-01  2.386E-03  0.43943298  95 158  4.598E+22
    46  5.410E-04  6.612E-04  6.324E-04  2.414E-01  2.422E-01  1.593E-01  1.665E-01  1.063E+08  5.447E+06  1.458E+06  1.048E+09  7.313E+01  8.663E+01  1.532E-02  7.717E-03  6.176E-02  1.968E-06  8.108E-02  6.516E-04  1.846E-07  2.145E-12  4.775E-17  1.920E-22  8.010E-27  0.000E+00  0.000E+00  0.000E+00  3.442E-01  2.666E-03  0.43934157 135 156  4.593E+22
    47  5.436E-04  6.749E-04  6.416E-04  2.362E-01  2.368E-01  1.771E-01  1.842E-01  1.073E+08  5.454E+06  1.457E+06  1.069E+09  9.884E+01  8.415E+01  2.096E-02  1.086E-02  6.199E-02  1.976E-06  8.978E-02  6.027E-04  1.836E-07  1.280E-12  1.889E-17  5.303E-23  1.586E-27  0.000E+00  0.000E+00  0.000E+00  3.228E-01  2.785E-03  0.43924359 116 159  4.589E+22
    48  5.407E-04  6.720E-04  6.387E-04  2.376E-01  2.383E-01  1.730E-01  1.803E-01  1.212E+08  5.461E+06  1.456E+06  1.091E+09  2.111E+02  8.117E+01  1.996E-02  1.032E-02  6.152E-02  1.970E-06  8.782E-02  6.340E-04  2.192E-07  1.928E-12  5.779E-17  2.695E-22  9.011E-27  0.000E+00  0.000E+00  0.000E+00  3.945E-01  2.874E-03  0.43914563  93 158  4.585E+22
    49  5.406E-04  6.633E-04  6.306E-04  2.407E-01  2.415E-01  1.620E-01  1.693E-01  1.155E+08  5.467E+06  1.455E+06  1.112E+09  2.783E+03  5.589E+01  1.623E-02  8.206E-03  6.178E-02  1.952E-06  8.241E-02  6.522E-04  1.847E-07  2.332E-12  6.746E-17  2.970E-22  1.187E-26  0.000E+00  0.000E+00  0.000E+00  5.177E-01  4.120E-03  0.43905566 135 156  4.581E+22
    50  5.402E-04  6.738E-04  6.366E-04  2.366E-01  2.373E-01  1.759E-01  1.831E-01  1.177E+08  5.473E+06  1.454E+06  1.133E+09  2.159E+04  6.447E+01  2.060E-02  1.063E-02  6.202E-02  1.975E-06  8.919E-02  6.157E-04  1.913E-07  1.491E-12  3.114E-17  1.113E-22  3.272E-27  0.000E+00  0.000E+00  0.000E+00  4.808E-01  3.607E-03  0.43895921 115 158  4.576E+22
    51  5.379E-04  6.627E-04  6.300E-04  2.436E-01  2.444E-01  1.607E-01  1.679E-01  1.211E+08  5.480E+06  1.453E+06  1.153E+09  2.717E+03  3.874E+01  1.561E-02  7.887E-03  6.230E-02  1.988E-06  8.139E-02  7.171E-04  2.155E-07  1.272E-11  1.444E-15  4.538E-20  2.479E-24  5.060E-28  0.000E+00  0.000E+00  5.950E-01  5.939E-03  0.43886713  92 156  4.572E+22
    52  5.383E-04  6.559E-04  6.255E-04  2.424E-01  2.432E-01  1.562E-01  1.632E-01  1.069E+08  5.491E+06  1.453E+06  1.174E+09  1.791E-03  7.689E+01  1.420E-02  7.095E-03  6.182E-02  1.962E-06  7.941E-02  6.584E-04  1.735E-07  2.809E-12  1.101E-16  2.477E-21  1.538E-25  3.063E-29  0.000E+00  0.000E+00  4.147E-01  2.971E-03  0.43877998 135 154  4.568E+22
    53  5.389E-04  6.587E-04  6.235E-04  2.406E-01  2.414E-01  1.613E-01  1.686E-01  1.069E+08  5.501E+06  1.452E+06  1.195E+09  4.916E+01  1.019E+02  1.599E-02  8.047E-03  6.182E-02  1.973E-06  8.209E-02  6.289E-04  1.783E-07  1.815E-12  2.962E-17  7.794E-23  2.857E-27  0.000E+00  0.000E+00  0.000E+00  3.505E-01  2.235E-03  0.43869533 116 153  4.565E+22
    54  5.367E-04  6.565E-04  6.260E-04  2.425E-01  2.433E-01  1.564E-01  1.634E-01  1.060E+08  5.509E+06  1.451E+06  1.215E+09  5.848E+01  1.148E+02  1.431E-02  7.132E-03  6.177E-02  1.949E-06  7.947E-02  6.731E-04  1.799E-07  2.858E-12  8.972E-17  4.368E-22  1.945E-26  0.000E+00  0.000E+00  0.000E+00  9.916E-02  1.991E-03  0.43860602  98 154  4.561E+22
    55  5.395E-04  6.594E-04  6.242E-04  2.407E-01  2.414E-01  1.615E-01  1.684E-01  1.058E+08  5.517E+06  1.450E+06  1.235E+09  6.573E+01  9.653E+01  1.596E-02  8.004E-03  6.182E-02  1.950E-06  8.202E-02  6.268E-04  1.699E-07  1.811E-12  2.989E-17  7.328E-23  2.425E-27  0.000E+00  0.000E+00  0.000E+00  2.955E-01  2.362E-03  0.43852134  80 154  4.557E+22
    56  5.363E-04  6.565E-04  6.253E-04  2.423E-01  2.431E-01  1.568E-01  1.639E-01  1.058E+08  5.524E+06  1.449E+06  1.256E+09  5.804E+01  7.987E+01  1.454E-02  7.240E-03  6.174E-02  1.947E-06  7.975E-02  6.676E-04  1.781E-07  2.688E-12  8.138E-17  3.485E-22  1.443E-26  0.000E+00  0.000E+00  0.000E+00  4.036E-01  2.860E-03  0.43843227 134 153  4.553E+22
    57  5.380E-04  6.557E-04  6.245E-04  2.416E-01  2.424E-01  1.580E-01  1.652E-01  1.058E+08  5.531E+06  1.449E+06  1.276E+09  7.074E+01  7.639E+01  1.483E-02  7.384E-03  6.191E-02  1.968E-06  8.040E-02  6.394E-04  1.685E-07  1.998E-12  3.396E-17  8.599E-23  3.277E-27  0.000E+00  0.000E+00  0.000E+00  3.370E-01  2.986E-03  0.43834574 116 153  4.549E+22
    58  5.388E-04  6.564E-04  6.253E-04  2.416E-01  2.424E-01  1.579E-01  1.651E-01  1.057E+08  5.537E+06  1.448E+06  1.296E+09  6.416E+01  8.215E+01  1.496E-02  7.452E-03  6.166E-02  1.947E-06  8.038E-02  6.348E-04  1.661E-07  1.920E-12  3.118E-17  7.486E-23  2.789E-27  0.000E+00  0.000E+00  0.000E+00  4.016E-01  2.780E-03  0.43825919  98 153  4.545E+22
    59  5.383E-04  6.560E-04  6.249E-04  2.416E-01  2.424E-01  1.579E-01  1.652E-01  1.060E+08  5.543E+06  1.447E+06  1.316E+09  6.417E+01  9.070E+01  1.498E-02  7.456E-03  6.168E-02  1.965E-06  8.042E-02  6.344E-04  1.739E-07  1.911E-12  3.037E-17  6.990E-23  2.565E-27  0.000E+00  0.000E+00  0.000E+00  3.842E-01  2.516E-03  0.43817265  80 153  4.541E+22
    60  5.380E-04  6.655E-04  6.302E-04  2.380E-01  2.387E-01  1.707E-01  1.778E-01  1.062E+08  5.549E+06  1.446E+06  1.336E+09  6.568E+03  6.551E+01  1.897E-02  9.625E-03  6.196E-02  1.971E-06  8.660E-02  6.082E-04  1.699E-07  1.456E-12  2.264E-17  5.341E-23  1.548E-27  0.000E+00  0.000E+00  0.000E+00  4.669E-01  3.514E-03  0.43808048 135 155  4.537E+22
    61  5.355E-04  6.605E-04  6.252E-04  2.406E-01  2.414E-01  1.637E-01  1.706E-01  1.058E+08  5.554E+06  1.445E+06  1.355E+09  1.748E-03  7.794E+01  1.675E-02  8.409E-03  6.178E-02  1.948E-06  8.301E-02  6.621E-04  1.851E-07  3.174E-12  1.447E-16  1.148E-21  4.507E-26  0.000E+00  0.000E+00  0.000E+00  4.069E-01  2.930E-03  0.43799078 115 154  4.533E+22
    62  5.349E-04  6.551E-04  6.245E-04  2.422E-01  2.430E-01  1.570E-01  1.642E-01  1.059E+08  5.561E+06  1.445E+06  1.375E+09  1.276E+02  4.059E+01  1.464E-02  7.304E-03  6.172E-02  1.946E-06  7.990E-02  6.695E-04  1.784E-07  2.843E-12  9.373E-17  4.387E-22  1.969E-26  0.000E+00  0.000E+00  0.000E+00  5.682E-01  5.620E-03  0.43790112  95 153  4.529E+22
    63  5.356E-04  6.512E-04  6.159E-04  2.420E-01  2.428E-01  1.567E-01  1.636E-01  1.055E+08  5.568E+06  1.444E+06  1.394E+09  4.292E+01  8.597E+01  1.461E-02  7.225E-03  6.147E-02  1.934E-06  7.966E-02  6.305E-04  1.580E-07  1.955E-12  3.211E-17  7.470E-23  2.790E-27  0.000E+00  0.000E+00  0.000E+00  3.780E-01  2.617E-03  0.43782084  77 152  4.526E+22
    64  5.338E-04  6.623E-04  6.292E-04  2.391E-01  2.398E-01  1.678E-01  1.748E-01  1.059E+08  5.575E+06  1.443E+06  1.414E+09  6.718E+01  9.131E+01  1.779E-02  8.972E-03  6.229E-02  1.966E-06  8.506E-02  6.373E-04  1.743E-07  1.960E-12  4.906E-17  1.752E-22  5.665E-27  0.000E+00  0.000E+00  0.000E+00  3.968E-01  2.517E-03  0.43772540 134 156  4.522E+22
    65  5.356E-04  6.574E-04  6.242E-04  2.406E-01  2.414E-01  1.621E-01  1.691E-01  1.159E+08  5.582E+06  1.442E+06  1.433E+09  2.802E+03  4.777E+01  1.629E-02  8.119E-03  6.170E-02  1.963E-06  8.232E-02  6.313E-04  1.738E-07  1.911E-12  4.154E-17  1.240E-22  4.050E-27  0.000E+00  0.000E+00  0.000E+00  5.372E-01  4.773E-03  0.43763672 113 155  4.518E+22
    66  5.353E-04  6.616E-04  6.240E-04  2.390E-01  2.397E-01  1.671E-01  1.744E-01  1.061E+08  5.588E+06  1.441E+06  1.453E+09  5.264E+01  4.926E+01  1.805E-02  9.141E-03  6.166E-02  1.950E-06  8.497E-02  6.184E-04  1.765E-07  1.648E-12  3.332E-17  1.080E-22  3.582E-27  0.000E+00  0.000E+00  0.000E+00  5.109E-01  4.627E-03  0.43754806  92 154  4.514E+22
    67  5.322E-04  6.550E-04  6.210E-04  2.435E-01  2.443E-01  1.583E-01  1.654E-01  1.056E+08  5.594E+06  1.441E+06  1.471E+09  7.371E+01  8.966E+01  1.504E-02  7.471E-03  6.193E-02  1.955E-06  8.026E-02  7.040E-04  1.878E-07  9.399E-12  8.818E-16  1.979E-20  9.695E-25  1.883E-28  0.000E+00  0.000E+00  3.580E-01  2.530E-03  0.43745926 133 153  4.510E+22
    68  5.333E-04  6.583E-04  6.243E-04  2.399E-01  2.406E-01  1.648E-01  1.720E-01  1.060E+08  5.603E+06  1.440E+06  1.490E+09  5.741E+01  6.558E+01  1.702E-02  8.523E-03  6.207E-02  1.958E-06  8.372E-02  6.309E-04  1.646E-07  2.271E-12  7.788E-17  1.201E-21  5.228E-26  0.000E+00  0.000E+00  0.000E+00  4.379E-01  3.477E-03  0.43736828 114 154  4.506E+22
    69  5.341E-04  6.545E-04  6.205E-04  2.414E-01  2.422E-01  1.591E-01  1.663E-01  1.055E+08  5.612E+06  1.439E+06  1.509E+09  9.520E-04  1.043E+02  1.553E-02  7.723E-03  6.143E-02  1.939E-06  8.097E-02  6.368E-04  1.726E-07  2.082E-12  4.769E-17  1.606E-22  5.883E-27  0.000E+00  0.000E+00  0.000E+00  3.279E-01  2.173E-03  0.43728188  94 153  4.502E+22
    70  5.336E-04  6.586E-04  6.246E-04  2.398E-01  2.405E-01  1.648E-01  1.719E-01  1.059E+08  5.620E+06  1.438E+06  1.528E+09  1.042E+02  7.357E+01  1.712E-02  8.597E-03  6.187E-02  1.955E-06  8.373E-02  6.263E-04  1.690E-07  1.792E-12  3.672E-17  1.177E-22  4.157E-27  0.000E+00  0.000E+00  0.000E+00  4.172E-01  3.101E-03  0.43719089  75 154  4.498E+22
    71  5.339E-04  6.597E-04  6.216E-04  2.394E-01  2.401E-01  1.665E-01  1.733E-01  1.056E+08  5.626E+06  1.437E+06  1.547E+09  4.921E+01  1.031E+02  1.784E-02  8.941E-03  6.150E-02  1.941E-06  8.444E-02  6.194E-04  1.701E-07  1.780E-12  4.013E-17  1.217E-22  3.570E-27  0.000E+00  0.000E+00  0.000E+00  3.180E-01  2.202E-03  0.43710311 134 154  4.494E+22
    72  5.305E-04  6.540E-04  6.204E-04  2.437E-01  2.445E-01  1.588E-01  1.659E-01  1.160E+08  5.632E+06  1.437E+06  1.564E+09  5.172E+01  6.825E+01  1.506E-02  7.495E-03  6.218E-02  1.980E-06  8.047E-02  7.107E-04  2.019E-07  1.066E-11  1.072E-15  2.682E-20  1.407E-24  2.852E-28  0.000E+00  0.000E+00  4.187E-01  3.320E-03  0.43701320 113 153  4.490E+22
    73  5.322E-04  6.603E-04  6.266E-04  2.385E-01  2.392E-01  1.695E-01  1.766E-01  1.055E+08  5.641E+06  1.436E+06  1.583E+09  9.551E+01  7.393E+01  1.862E-02  9.343E-03  6.201E-02  1.957E-06  8.601E-02  6.160E-04  1.681E-07  2.105E-12  8.413E-17  1.795E-21  6.980E-26  0.000E+00  0.000E+00  0.000E+00  4.321E-01  3.096E-03  0.43691881  94 155  4.486E+22
    74  5.333E-04  6.568E-04  6.232E-04  2.400E-01  2.408E-01  1.641E-01  1.712E-01  1.441E+08  5.650E+06  1.435E+06  1.601E+09  1.482E+02  9.802E+01  1.724E-02  8.654E-03  6.128E-02  1.952E-06  8.341E-02  6.269E-04  1.896E-07  1.886E-12  4.353E-17  1.443E-22  5.086E-27  0.000E+00  0.000E+00  0.000E+00  2.831E-01  2.322E-03  0.43682890  73 154  4.482E+22
    75  5.325E-04  6.529E-04  6.169E-04  2.412E-01  2.420E-01  1.598E-01  1.670E-01  1.064E+08  5.658E+06  1.434E+06  1.619E+09  3.575E+01  5.336E+01  1.584E-02  7.864E-03  6.133E-02  1.951E-06  8.134E-02  6.319E-04  1.705E-07  2.044E-12  4.889E-17  1.561E-22  5.449E-27  0.000E+00  0.000E+00  0.000E+00  5.098E-01  4.222E-03  0.43674449 133 151  4.478E+22
    76  5.309E-04  6.583E-04  6.224E-04  2.397E-01  2.404E-01  1.660E-01  1.733E-01  1.056E+08  5.664E+06  1.433E+06  1.638E+09  6.377E+03  4.178E+01  1.748E-02  8.748E-03  6.206E-02  1.972E-06  8.434E-02  6.451E-04  1.857E-07  2.478E-12  8.845E-17  3.267E-22  1.075E-26  0.000E+00  0.000E+00  0.000E+00  6.283E-01  5.441E-03  0.43665300 115 152  4.474E+22
    77  5.307E-04  6.534E-04  6.221E-04  2.414E-01  2.422E-01  1.603E-01  1.675E-01  1.217E+08  5.670E+06  1.433E+06  1.655E+09  3.399E+01  9.261E+01  1.581E-02  7.835E-03  6.167E-02  1.963E-06  8.149E-02  6.609E-04  1.814E-07  2.902E-12  1.068E-16  4.266E-22  1.530E-26  0.000E+00  0.000E+00  0.000E+00  3.453E-01  2.454E-03  0.43656158  96 152  4.471E+22
    78  5.321E-04  6.548E-04  6.189E-04  2.394E-01  2.401E-01  1.659E-01  1.730E-01  1.051E+08  5.677E+06  1.432E+06  1.673E+09  3.919E+01  7.367E+01  1.768E-02  8.814E-03  6.159E-02  1.954E-06  8.428E-02  6.096E-04  1.603E-07  1.702E-12  3.506E-17  9.596E-23  3.052E-27  0.000E+00  0.000E+00  0.000E+00  4.181E-01  3.068E-03  0.43647481  78 152  4.467E+22
    79  5.303E-04  6.527E-04  6.188E-04  2.416E-01  2.423E-01  1.602E-01  1.671E-01  1.053E+08  5.683E+06  1.431E+06  1.691E+09  8.962E+01  9.723E+01  1.582E-02  7.829E-03  6.147E-02  1.938E-06  8.133E-02  6.572E-04  1.755E-07  3.119E-12  1.290E-16  5.497E-22  1.985E-26  0.000E+00  0.000E+00  0.000E+00  3.293E-01  2.325E-03  0.43638634 133 153  4.463E+22
    80  5.314E-04  6.605E-04  6.221E-04  2.381E-01  2.388E-01  1.708E-01  1.777E-01  1.260E+08  5.689E+06  1.430E+06  1.709E+09  5.769E+01  6.357E+01  1.928E-02  9.698E-03  6.153E-02  1.963E-06  8.662E-02  6.068E-04  1.763E-07  1.605E-12  3.439E-17  9.567E-23  2.610E-27  0.000E+00  0.000E+00  0.000E+00  4.630E-01  3.574E-03  0.43629569 114 154  4.459E+22
    81  5.282E-04  6.617E-04  6.233E-04  2.404E-01  2.411E-01  1.721E-01  1.791E-01  1.409E+08  5.695E+06  1.429E+06  1.726E+09  2.395E+04  8.424E+01  1.956E-02  9.861E-03  6.210E-02  1.970E-06  8.694E-02  6.795E-04  2.096E-07  1.231E-11  1.370E-15  3.734E-20  1.408E-24  2.477E-28  0.000E+00  0.000E+00  3.801E-01  2.703E-03  0.43620054  93 154  4.455E+22
    82  5.276E-04  6.567E-04  6.228E-04  2.424E-01  2.431E-01  1.668E-01  1.736E-01  1.054E+08  5.703E+06  1.428E+06  1.743E+09  1.023E+02  7.736E+01  1.772E-02  8.813E-03  6.220E-02  1.961E-06  8.417E-02  6.875E-04  1.855E-07  1.426E-11  1.655E-15  4.662E-20  1.794E-24  3.115E-28  0.000E+00  0.000E+00  3.696E-01  2.940E-03  0.43610541  72 154  4.450E+22
    83  5.288E-04  6.515E-04  6.148E-04  2.404E-01  2.411E-01  1.633E-01  1.705E-01  1.052E+08  5.717E+06  1.428E+06  1.760E+09  2.044E-03  9.801E+01  1.713E-02  8.518E-03  6.118E-02  1.934E-06  8.307E-02  6.199E-04  1.678E-07  2.535E-12  1.212E-16  2.719E-21  1.103E-25  0.000E+00  0.000E+00  0.000E+00  3.426E-01  2.291E-03  0.43601943 132 150  4.447E+22
    84  5.257E-04  6.507E-04  6.188E-04  2.407E-01  2.415E-01  1.634E-01  1.705E-01  1.055E+08  5.728E+06  1.427E+06  1.777E+09  1.729E+02  1.063E+02  1.668E-02  8.286E-03  6.192E-02  1.954E-06  8.296E-02  6.615E-04  1.704E-07  3.524E-12  1.750E-16  1.474E-21  6.218E-26  0.000E+00  0.000E+00  0.000E+00  3.136E-01  2.127E-03  0.43592623 114 151  4.443E+22
    85  5.296E-04  6.497E-04  6.130E-04  2.404E-01  2.411E-01  1.623E-01  1.696E-01  1.054E+08  5.738E+06  1.426E+06  1.794E+09  3.485E+01  1.016E+02  1.673E-02  8.306E-03  6.128E-02  1.932E-06  8.263E-02  6.113E-04  1.544E-07  1.774E-12  3.605E-17  1.038E-22  3.690E-27  0.000E+00  0.000E+00  0.000E+00  3.187E-01  2.205E-03  0.43584276  96 150  4.439E+22
    86  5.265E-04  6.515E-04  6.197E-04  2.407E-01  2.415E-01  1.631E-01  1.703E-01  1.053E+08  5.745E+06  1.425E+06  1.811E+09  2.131E-03  4.137E+01  1.670E-02  8.276E-03  6.178E-02  1.958E-06  8.286E-02  6.572E-04  1.747E-07  3.288E-12  1.593E-16  1.201E-21  4.736E-26  0.000E+00  0.000E+00  0.000E+00  6.145E-01  5.471E-03  0.43574957  78 151  4.435E+22
    87  5.306E-04  6.555E-04  6.161E-04  2.387E-01  2.394E-01  1.685E-01  1.755E-01  1.050E+08  5.752E+06  1.424E+06  1.828E+09  3.478E-03  7.528E+01  1.882E-02  9.402E-03  6.113E-02  1.928E-06  8.557E-02  5.967E-04  1.608E-07  1.551E-12  3.119E-17  8.219E-23  2.425E-27  0.000E+00  0.000E+00  0.000E+00  1.485E-01  2.989E-03  0.43566409 133 154  4.431E+22
    88  5.251E-04  6.562E-04  6.208E-04  2.424E-01  2.431E-01  1.681E-01  1.752E-01  1.140E+08  5.758E+06  1.424E+06  1.844E+09  1.183E+02  8.314E+01  1.819E-02  9.083E-03  6.232E-02  1.963E-06  8.493E-02  6.864E-04  1.863E-07  1.575E-11  1.985E-15  6.149E-20  2.521E-24  4.625E-28  0.000E+00  0.000E+00  3.936E-01  2.728E-03  0.43556831 111 155  4.427E+22
    89  5.269E-04  6.538E-04  6.185E-04  2.394E-01  2.401E-01  1.675E-01  1.747E-01  1.206E+08  5.767E+06  1.423E+06  1.861E+09  1.066E+02  6.241E+01  1.840E-02  9.161E-03  6.145E-02  1.938E-06  8.511E-02  6.288E-04  1.644E-07  2.942E-12  1.690E-16  3.815E-21  1.451E-25  0.000E+00  0.000E+00  0.000E+00  4.570E-01  3.620E-03  0.43547667  88 154  4.423E+22
    90  5.265E-04  6.554E-04  6.189E-04  2.384E-01  2.391E-01  1.703E-01  1.773E-01  1.284E+08  5.778E+06  1.422E+06  1.877E+09  8.849E+01  7.445E+01  1.923E-02  9.587E-03  6.150E-02  1.938E-06  8.641E-02  6.180E-04  1.672E-07  1.993E-12  6.014E-17  1.882E-22  5.354E-27  0.000E+00  0.000E+00  0.000E+00  3.913E-01  3.037E-03  0.43538420 132 154  4.419E+22
    91  5.223E-04  6.490E-04  6.125E-04  2.397E-01  2.404E-01  1.669E-01  1.741E-01  1.174E+08  5.784E+06  1.421E+06  1.890E+09  8.897E+01  7.197E+01  1.809E-02  8.963E-03  6.165E-02  1.944E-06  8.476E-02  6.490E-04  1.769E-07  3.377E-12  1.701E-16  1.269E-21  4.359E-26  0.000E+00  0.000E+00  0.000E+00  4.126E-01  3.108E-03  0.43529396 109 152  4.415E+22
    92  5.212E-04  6.479E-04  6.114E-04  2.396E-01  2.403E-01  1.671E-01  1.742E-01  1.047E+08  5.790E+06  1.420E+06  1.903E+09  7.401E+01  5.165E+01  1.811E-02  8.963E-03  6.164E-02  1.942E-06  8.480E-02  6.441E-04  1.708E-07  3.081E-12  1.419E-16  8.535E-22  2.871E-26  0.000E+00  0.000E+00  0.000E+00  5.320E-01  4.324E-03  0.43520373  88 152  4.411E+22
    93  5.202E-04  6.511E-04  6.147E-04  2.380E-01  2.386E-01  1.729E-01  1.799E-01  1.111E+08  5.798E+06  1.419E+06  1.916E+09  9.645E+01  7.241E+01  2.002E-02  9.941E-03  6.170E-02  1.947E-06  8.765E-02  6.308E-04  1.749E-07  2.814E-12  1.272E-16  7.689E-22  2.210E-26  0.000E+00  0.000E+00  0.000E+00  3.897E-01  3.101E-03  0.43510921  67 153  4.407E+22
    94  5.209E-04  6.417E-04  6.056E-04  2.419E-01  2.426E-01  1.598E-01  1.670E-01  1.045E+08  5.807E+06  1.419E+06  1.929E+09  3.789E+01  8.611E+01  1.592E-02  7.776E-03  6.137E-02  1.936E-06  8.128E-02  6.611E-04  1.676E-07  3.912E-12  2.031E-16  1.513E-21  5.549E-26  0.000E+00  0.000E+00  0.000E+00  3.679E-01  2.569E-03  0.43502445 130 148  4.403E+22
    95  5.197E-04  6.477E-04  6.115E-04  2.388E-01  2.395E-01  1.691E-01  1.762E-01  1.097E+08  5.818E+06  1.418E+06  1.942E+09  2.118E-03  5.759E+01  1.868E-02  9.233E-03  6.181E-02  1.946E-06  8.582E-02  6.217E-04  1.642E-07  2.152E-12  6.876E-17  1.958E-22  5.263E-27  0.000E+00  0.000E+00  0.000E+00  4.731E-01  3.879E-03  0.43493262 113 150  4.399E+22
    96  5.200E-04  6.480E-04  6.119E-04  2.389E-01  2.395E-01  1.696E-01  1.767E-01  1.052E+08  5.830E+06  1.417E+06  1.955E+09  4.305E+01  8.113E+01  1.894E-02  9.371E-03  6.168E-02  1.951E-06  8.604E-02  6.346E-04  1.715E-07  2.755E-12  1.211E-16  7.053E-22  2.255E-26  0.000E+00  0.000E+00  0.000E+00  3.791E-01  2.755E-03  0.43484075  94 150  4.395E+22
    97  5.196E-04  6.476E-04  6.115E-04  2.389E-01  2.395E-01  1.698E-01  1.768E-01  1.046E+08  5.841E+06  1.416E+06  1.968E+09  3.845E+01  7.016E+01  1.898E-02  9.388E-03  6.168E-02  1.944E-06  8.611E-02  6.345E-04  1.691E-07  2.818E-12  1.235E-16  7.039E-22  2.207E-26  0.000E+00  0.000E+00  0.000E+00  4.251E-01  3.183E-03  0.43474889  75 150  4.391E+22
    98  5.196E-04  6.486E-04  6.092E-04  2.385E-01  2.391E-01  1.709E-01  1.780E-01  1.076E+08  5.852E+06  1.415E+06  1.981E+09  2.693E+04  3.802E+01  1.953E-02  9.706E-03  6.142E-02  1.937E-06  8.672E-02  6.298E-04  1.762E-07  2.726E-12  1.211E-16  6.062E-22  1.834E-26  0.000E+00  0.000E+00  0.000E+00  5.651E-01  5.852E-03  0.43465935 130 152  4.387E+22
    99  5.174E-04  6.525E-04  6.172E-04  2.402E-01  2.408E-01  1.752E-01  1.823E-01  1.160E+08  5.864E+06  1.414E+06  1.994E+09  7.706E+01  7.216E+01  2.061E-02  1.028E-02  6.228E-02  1.962E-06  8.844E-02  6.726E-04  1.925E-07  1.440E-11  1.693E-15  4.528E-20  1.569E-24  2.687E-28  0.000E+00  0.000E+00  4.309E-01  3.124E-03  0.43455952 108 154  4.383E+22
   100  5.192E-04  6.459E-04  6.107E-04  2.388E-01  2.395E-01  1.695E-01  1.768E-01  1.050E+08  5.877E+06  1.414E+06  2.007E+09  6.386E+01  8.869E+01  1.917E-02  9.481E-03  6.137E-02  1.932E-06  8.612E-02  6.220E-04  1.604E-07  2.870E-12  1.596E-16  2.995E-21  1.025E-25  0.000E+00  0.000E+00  0.000E+00  3.572E-01  2.515E-03  0.43446801  84 152  4.379E+22
   101  5.188E-04  6.494E-04  6.125E-04  2.372E-01  2.378E-01  1.744E-01  1.815E-01  1.292E+08  5.891E+06  1.413E+06  2.021E+09  8.706E+01  8.258E+01  2.076E-02  1.032E-02  6.131E-02  1.947E-06  8.847E-02  6.037E-04  1.748E-07  1.744E-12  4.858E-17  1.294E-22  3.182E-27  0.000E+00  0.000E+00  0.000E+00  3.554E-01  2.709E-03  0.43437430 130 152  4.375E+22
   102  5.182E-04  6.466E-04  6.097E-04  2.393E-01  2.399E-01  1.696E-01  1.769E-01  1.201E+08  5.904E+06  1.412E+06  2.034E+09  5.737E+01  6.229E+01  1.908E-02  9.428E-03  6.161E-02  1.941E-06  8.609E-02  6.486E-04  1.743E-07  4.356E-12  2.693E-16  2.527E-21  8.122E-26  0.000E+00  0.000E+00  0.000E+00  4.131E-01  3.575E-03  0.43428283 108 151  4.371E+22
   103  5.168E-04  6.452E-04  6.083E-04  2.390E-01  2.397E-01  1.699E-01  1.769E-01  1.166E+08  5.915E+06  1.411E+06  2.048E+09  7.504E+03  8.077E+01  1.900E-02  9.370E-03  6.175E-02  1.948E-06  8.613E-02  6.417E-04  1.775E-07  3.379E-12  1.734E-16  1.260E-21  4.022E-26  0.000E+00  0.000E+00  0.000E+00  3.968E-01  2.751E-03  0.43419140  87 151  4.367E+22
   104  5.170E-04  6.497E-04  6.128E-04  2.374E-01  2.380E-01  1.753E-01  1.825E-01  1.208E+08  5.927E+06  1.410E+06  2.061E+09  9.202E+03  9.074E+01  2.080E-02  1.033E-02  6.185E-02  1.947E-06  8.887E-02  6.340E-04  1.719E-07  3.086E-12  1.522E-16  1.023E-21  3.082E-26  0.000E+00  0.000E+00  0.000E+00  3.818E-01  2.467E-03  0.43409561  66 152  4.363E+22
   105  5.172E-04  6.461E-04  6.104E-04  2.389E-01  2.396E-01  1.705E-01  1.779E-01  1.122E+08  5.939E+06  1.409E+06  2.075E+09  4.745E+03  6.211E+01  1.938E-02  9.559E-03  6.174E-02  1.949E-06  8.661E-02  6.456E-04  1.738E-07  4.076E-12  2.389E-16  1.985E-21  6.139E-26  0.000E+00  0.000E+00  0.000E+00  4.461E-01  3.589E-03  0.43400237 129 149  4.359E+22
   106  5.184E-04  6.496E-04  6.186E-04  2.372E-01  2.379E-01  1.745E-01  1.818E-01  1.050E+08  5.950E+06  1.408E+06  2.089E+09  1.788E+02  4.777E+01  2.064E-02  1.022E-02  6.174E-02  1.961E-06  8.861E-02  6.116E-04  1.740E-07  2.023E-12  6.745E-17  1.829E-22  4.520E-27  0.000E+00  0.000E+00  0.000E+00  5.256E-01  4.730E-03  0.43390215 110 151  4.355E+22
   107  5.227E-04  6.492E-04  6.135E-04  2.371E-01  2.378E-01  1.736E-01  1.809E-01  1.140E+08  5.962E+06  1.408E+06  2.103E+09  6.786E+01  7.157E+01  2.096E-02  1.040E-02  6.070E-02  1.931E-06  8.828E-02  5.729E-04  1.623E-07  1.223E-12  1.892E-17  3.035E-23  6.820E-28  0.000E+00  0.000E+00  0.000E+00  4.232E-01  3.131E-03  0.43381139  90 150  4.351E+22
   108  5.187E-04  6.404E-04  6.047E-04  2.408E-01  2.415E-01  1.623E-01  1.695E-01  1.045E+08  5.971E+06  1.407E+06  2.117E+09  4.491E+01  9.525E+01  1.694E-02  8.314E-03  6.104E-02  1.926E-06  8.259E-02  6.302E-04  1.679E-07  2.465E-12  8.499E-17  2.651E-22  8.297E-27  0.000E+00  0.000E+00  0.000E+00  3.253E-01  2.319E-03  0.43372541  70 148  4.347E+22
   109  5.180E-04  6.466E-04  6.135E-04  2.381E-01  2.387E-01  1.712E-01  1.782E-01  1.099E+08  5.979E+06  1.406E+06  2.132E+09  2.547E-03  4.178E+01  1.936E-02  9.523E-03  6.185E-02  1.946E-06  8.682E-02  6.039E-04  1.563E-07  1.675E-12  4.060E-17  8.891E-23  2.134E-27  0.000E+00  0.000E+00  0.000E+00  5.653E-01  5.363E-03  0.43362994 130 152  4.343E+22
   110  5.207E-04  6.425E-04  6.094E-04  2.396E-01  2.403E-01  1.655E-01  1.725E-01  1.050E+08  5.987E+06  1.405E+06  2.147E+09  5.455E+01  4.704E+01  1.789E-02  8.754E-03  6.114E-02  1.924E-06  8.410E-02  5.923E-04  1.473E-07  1.493E-12  2.416E-17  3.639E-23  9.201E-28  0.000E+00  0.000E+00  0.000E+00  5.500E-01  4.731E-03  0.43354121 109 151  4.339E+22
   111  5.202E-04  6.465E-04  6.133E-04  2.380E-01  2.386E-01  1.710E-01  1.780E-01  1.044E+08  5.994E+06  1.404E+06  2.161E+09  1.205E+02  9.219E+01  1.960E-02  9.636E-03  6.140E-02  1.933E-06  8.682E-02  5.818E-04  1.537E-07  1.301E-12  1.934E-17  2.835E-23  6.423E-28  0.000E+00  0.000E+00  0.000E+00  3.354E-01  2.430E-03  0.43344809  89 152  4.335E+22
   112  5.205E-04  6.468E-04  6.136E-04  2.379E-01  2.386E-01  1.713E-01  1.783E-01  1.043E+08  6.000E+06  1.404E+06  2.176E+09  1.167E+02  4.804E+01  1.984E-02  9.773E-03  6.113E-02  1.926E-06  8.696E-02  5.808E-04  1.545E-07  1.298E-12  2.019E-17  2.940E-23  6.573E-28  0.000E+00  0.000E+00  0.000E+00  5.531E-01  4.665E-03  0.43335495  68 152  4.331E+22
   113  5.213E-04  6.440E-04  6.122E-04  2.393E-01  2.400E-01  1.666E-01  1.735E-01  1.281E+08  6.007E+06  1.403E+06  2.191E+09  7.937E+01  7.119E+01  1.827E-02  8.929E-03  6.113E-02  1.933E-06  8.462E-02  5.888E-04  1.518E-07  1.418E-12  2.158E-17  2.920E-23  6.384E-28  0.000E+00  0.000E+00  0.000E+00  3.852E-01  3.141E-03  0.43326396 131 150  4.328E+22
   114  5.220E-04  6.471E-04  6.152E-04  2.380E-01  2.386E-01  1.706E-01  1.779E-01  1.060E+08  6.012E+06  1.402E+06  2.206E+09  3.211E+01  6.326E+01  1.968E-02  9.699E-03  6.116E-02  1.941E-06  8.676E-02  5.791E-04  1.526E-07  1.286E-12  1.915E-17  2.875E-23  6.640E-28  0.000E+00  0.000E+00  0.000E+00  4.163E-01  3.552E-03  0.43317068 112 150  4.324E+22
   115  5.218E-04  6.421E-04  6.103E-04  2.398E-01  2.405E-01  1.646E-01  1.718E-01  1.042E+08  6.018E+06  1.401E+06  2.221E+09  1.771E-03  4.187E+01  1.772E-02  8.643E-03  6.106E-02  1.932E-06  8.377E-02  5.876E-04  1.450E-07  1.461E-12  2.349E-17  3.363E-23  8.313E-28  0.000E+00  0.000E+00  0.000E+00  6.169E-01  5.324E-03  0.43308221  93 149  4.320E+22
   116  5.215E-04  6.467E-04  6.149E-04  2.380E-01  2.386E-01  1.707E-01  1.779E-01  1.049E+08  6.022E+06  1.400E+06  2.237E+09  8.032E+01  4.426E+01  1.956E-02  9.663E-03  6.135E-02  1.933E-06  8.677E-02  5.788E-04  1.534E-07  1.239E-12  1.738E-17  2.751E-23  7.288E-28  0.000E+00  0.000E+00  0.000E+00  4.924E-01  5.074E-03  0.43298889  75 150  4.316E+22
   117  5.221E-04  6.528E-04  6.191E-04  2.359E-01  2.365E-01  1.782E-01  1.853E-01  1.047E+08  6.027E+06  1.400E+06  2.252E+09  5.684E+01  9.276E+01  2.219E-02  1.095E-02  6.117E-02  1.941E-06  9.039E-02  5.650E-04  1.549E-07  1.074E-12  1.469E-17  1.986E-23  3.792E-28  0.000E+00  0.000E+00  0.000E+00  3.141E-01  2.438E-03  0.43289189 131 153  4.312E+22
   118  5.211E-04  6.450E-04  6.158E-04  2.390E-01  2.397E-01  1.675E-01  1.747E-01  1.043E+08  6.031E+06  1.399E+06  2.268E+09  1.090E+02  4.815E+01  1.862E-02  9.135E-03  6.116E-02  1.927E-06  8.518E-02  5.922E-04  1.568E-07  1.457E-12  2.857E-17  5.913E-23  1.607E-27  0.000E+00  0.000E+00  0.000E+00  5.275E-01  4.671E-03  0.43279725 109 152  4.308E+22
   119  5.240E-04  6.523E-04  6.186E-04  2.359E-01  2.365E-01  1.778E-01  1.849E-01  1.483E+08  6.035E+06  1.398E+06  2.283E+09  1.355E+02  7.365E+01  2.223E-02  1.091E-02  6.096E-02  1.918E-06  9.025E-02  5.507E-04  1.447E-07  9.688E-13  1.197E-17  1.439E-23  2.749E-28  0.000E+00  0.000E+00  0.000E+00  4.300E-01  3.068E-03  0.43270260  89 153  4.304E+22
   120  5.210E-04  6.466E-04  6.099E-04  2.383E-01  2.390E-01  1.698E-01  1.770E-01  1.045E+08  6.039E+06  1.397E+06  2.299E+09  4.241E+01  1.138E+02  1.966E-02  9.678E-03  6.074E-02  1.921E-06  8.635E-02  5.813E-04  1.590E-07  1.300E-12  1.939E-17  2.881E-23  6.514E-28  0.000E+00  0.000E+00  0.000E+00  2.956E-01  1.958E-03  0.43261367 130 151  4.300E+22
   121  5.179E-04  6.412E-04  6.132E-04  2.405E-01  2.412E-01  1.634E-01  1.705E-01  1.050E+08  6.042E+06  1.396E+06  2.315E+09  6.875E+01  6.125E+01  1.693E-02  8.237E-03  6.163E-02  1.941E-06  8.303E-02  6.246E-04  1.542E-07  2.107E-12  6.047E-17  1.429E-22  3.815E-27  0.000E+00  0.000E+00  0.000E+00  4.864E-01  3.656E-03  0.43251835 109 152  4.296E+22
   122  5.237E-04  6.471E-04  6.146E-04  2.374E-01  2.380E-01  1.729E-01  1.799E-01  1.044E+08  6.047E+06  1.395E+06  2.331E+09  1.241E+02  4.994E+01  2.038E-02  9.988E-03  6.118E-02  1.924E-06  8.776E-02  5.606E-04  1.424E-07  1.103E-12  1.463E-17  1.748E-23  3.486E-28  0.000E+00  0.000E+00  0.000E+00  5.429E-01  4.495E-03  0.43242739  89 153  4.292E+22
   123  5.218E-04  6.462E-04  6.130E-04  2.384E-01  2.390E-01  1.697E-01  1.766E-01  1.055E+08  6.052E+06  1.395E+06  2.347E+09  2.638E+03  6.009E+01  1.943E-02  9.508E-03  6.095E-02  1.916E-06  8.616E-02  5.726E-04  1.478E-07  1.218E-12  1.680E-17  2.087E-23  4.338E-28  0.000E+00  0.000E+00  0.000E+00  4.547E-01  3.726E-03  0.43233618 131 152  4.289E+22
   124  5.361E-04  6.626E-04  6.338E-04  2.392E-01  2.399E-01  1.688E-01  1.756E-01  1.044E+08  6.023E+06  1.394E+06  2.420E+09  2.862E-03  3.901E+01  1.894E-02  9.339E-03  6.128E-02  1.931E-06  8.547E-02  5.820E-04  1.570E-07  1.280E-12  1.807E-17  2.508E-23  5.766E-28  0.000E+00  0.000E+00  0.000E+00  6.011E-01  5.935E-03  0.43223842 114 157  4.286E+22
   125  5.278E-04  6.499E-04  6.122E-04  2.383E-01  2.390E-01  1.696E-01  1.764E-01  1.297E+08  6.003E+06  1.393E+06  2.432E+09  8.261E+01  1.606E+02  1.885E-02  9.209E-03  6.174E-02  1.943E-06  8.603E-02  5.735E-04  1.424E-07  1.172E-12  1.356E-17  1.581E-23  3.425E-28  0.000E+00  0.000E+00  0.000E+00  6.931E-02  1.392E-03  0.43215400  90 152  4.282E+22
   126  5.197E-04  6.523E-04  6.118E-04  2.380E-01  2.386E-01  1.736E-01  1.807E-01  1.048E+08  5.984E+06  1.392E+06  2.444E+09  3.599E+01  7.427E+01  2.065E-02  1.018E-02  6.119E-02  1.929E-06  8.804E-02  6.253E-04  1.705E-07  3.565E-12  1.998E-16  1.493E-21  4.201E-26  0.000E+00  0.000E+00  0.000E+00  4.188E-01  3.008E-03  0.43206189 130 152  4.278E+22
   127  5.160E-04  6.506E-04  6.144E-04  2.412E-01  2.418E-01  1.739E-01  1.808E-01  1.165E+08  5.974E+06  1.392E+06  2.456E+09  8.634E+01  8.917E+01  2.042E-02  1.000E-02  6.200E-02  1.951E-06  8.769E-02  6.629E-04  1.778E-07  1.658E-11  2.019E-15  4.944E-20  1.411E-24  2.141E-28  0.000E+00  0.000E+00  3.755E-01  2.517E-03  0.43196348 108 153  4.274E+22
   128  5.177E-04  6.481E-04  6.119E-04  2.379E-01  2.385E-01  1.732E-01  1.804E-01  1.184E+08  5.974E+06  1.391E+06  2.468E+09  6.473E+01  9.145E+01  2.060E-02  1.009E-02  6.113E-02  1.924E-06  8.792E-02  6.079E-04  1.558E-07  2.964E-12  1.811E-16  3.388E-21  9.833E-26  0.000E+00  0.000E+00  0.000E+00  3.589E-01  2.444E-03  0.43186934  85 152  4.270E+22
   129  5.178E-04  6.471E-04  6.106E-04  2.381E-01  2.387E-01  1.720E-01  1.788E-01  1.048E+08  5.982E+06  1.390E+06  2.480E+09  2.352E-03  4.931E+01  2.011E-02  9.823E-03  6.109E-02  1.922E-06  8.720E-02  6.017E-04  1.529E-07  2.025E-12  6.848E-17  1.550E-22  3.362E-27  0.000E+00  0.000E+00  0.000E+00  5.407E-01  4.523E-03  0.43177659 130 152  4.266E+22
   130  5.172E-04  6.485E-04  6.076E-04  2.374E-01  2.380E-01  1.740E-01  1.812E-01  1.432E+08  5.992E+06  1.389E+06  2.492E+09  4.650E+01  9.811E+01  2.099E-02  1.026E-02  6.096E-02  1.926E-06  8.836E-02  5.945E-04  1.605E-07  1.890E-12  6.132E-17  1.387E-22  3.004E-27  0.000E+00  0.000E+00  0.000E+00  3.256E-01  2.262E-03  0.43168612 108 151  4.262E+22
   131  5.140E-04  8.364E-06  6.131E-04  2.605E-01  2.416E-01  9.450E-02  1.821E-01  1.439E+08  6.002E+06  1.388E+06  2.505E+09  1.295E+02  8.323E+01  2.095E-02  1.037E-02  6.178E-02  1.965E-06  8.832E-02  6.661E-04  1.913E-07  1.715E-11  2.116E-15  5.593E-20  1.822E-24  3.032E-28  0.000E+00  0.000E+00  3.701E-01  2.691E-03  0.43158703  86 152  4.258E+22
   132  5.164E-04  6.507E-04  6.122E-04  2.366E-01  2.372E-01  1.781E-01  1.853E-01  1.281E+08  6.014E+06  1.387E+06  2.517E+09  5.013E+01  4.228E+01  2.239E-02  1.102E-02  6.096E-02  1.920E-06  9.036E-02  6.050E-04  1.616E-07  3.186E-12  2.078E-16  3.744E-21  1.034E-25  0.000E+00  0.000E+00  0.000E+00  5.313E-01  5.289E-03  0.43149130 129 153  4.254E+22
   133  5.151E-04  6.472E-04  6.127E-04  2.390E-01  2.396E-01  1.734E-01  1.806E-01  1.232E+08  6.029E+06  1.387E+06  2.531E+09  8.230E+01  6.825E+01  2.047E-02  1.003E-02  6.161E-02  1.952E-06  8.785E-02  6.519E-04  1.774E-07  7.215E-12  5.764E-16  7.356E-21  2.183E-25  0.000E+00  0.000E+00  0.000E+00  4.447E-01  3.279E-03  0.43139365 105 153  4.250E+22
   134  5.178E-04  6.459E-04  6.073E-04  2.377E-01  2.383E-01  1.724E-01  1.796E-01  1.101E+08  6.043E+06  1.386E+06  2.544E+09  1.189E+04  6.783E+01  2.053E-02  1.005E-02  6.080E-02  1.913E-06  8.761E-02  5.779E-04  1.472E-07  1.667E-12  5.085E-17  4.769E-22  1.334E-26  0.000E+00  0.000E+00  0.000E+00  4.251E-01  3.270E-03  0.43130410  82 152  4.246E+22
   135  5.149E-04  6.413E-04  6.076E-04  2.407E-01  2.414E-01  1.658E-01  1.728E-01  1.039E+08  6.056E+06  1.385E+06  2.557E+09  5.198E+01  9.334E+01  1.788E-02  8.653E-03  6.152E-02  1.935E-06  8.408E-02  6.485E-04  1.638E-07  5.122E-12  3.371E-16  2.905E-21  8.497E-26  0.000E+00  0.000E+00  0.000E+00  3.406E-01  2.377E-03  0.43121146 129 150  4.242E+22
   136  5.182E-04  6.422E-04  6.084E-04  2.390E-01  2.396E-01  1.676E-01  1.747E-01  1.041E+08  6.068E+06  1.384E+06  2.571E+09  1.621E-03  5.667E+01  1.877E-02  9.160E-03  6.095E-02  1.921E-06  8.521E-02  5.790E-04  1.458E-07  1.550E-12  3.270E-17  6.244E-23  1.569E-27  0.000E+00  0.000E+00  0.000E+00  4.396E-01  3.921E-03  0.43112126 109 150  4.238E+22
   137  5.187E-04  6.382E-04  6.045E-04  2.406E-01  2.413E-01  1.617E-01  1.688E-01  1.034E+08  6.079E+06  1.383E+06  2.585E+09  6.215E-01  4.561E+01  1.698E-02  8.194E-03  6.067E-02  1.909E-06  8.232E-02  5.837E-04  1.398E-07  1.486E-12  2.347E-17  2.766E-23  6.204E-28  0.000E+00  0.000E+00  0.000E+00  5.797E-01  4.841E-03  0.43103547  89 149  4.235E+22
   138  5.183E-04  6.423E-04  6.086E-04  2.390E-01  2.396E-01  1.673E-01  1.744E-01  1.038E+08  6.088E+06  1.383E+06  2.599E+09  5.768E+01  1.040E+02  1.859E-02  9.018E-03  6.117E-02  1.926E-06  8.509E-02  5.758E-04  1.481E-07  1.305E-12  1.861E-17  2.135E-23  4.493E-28  0.000E+00  0.000E+00  0.000E+00  3.285E-01  2.138E-03  0.43094521  70 150  4.231E+22
   139  5.186E-04  6.514E-04  6.151E-04  2.357E-01  2.363E-01  1.789E-01  1.860E-01  1.042E+08  6.096E+06  1.382E+06  2.613E+09  8.571E+01  1.059E+02  2.265E-02  1.108E-02  6.093E-02  1.919E-06  9.079E-02  5.579E-04  1.469E-07  1.054E-12  1.483E-17  1.761E-23  3.014E-28  0.000E+00  0.000E+00  0.000E+00  3.021E-01  2.121E-03  0.43084873 130 153  4.227E+22
   140  5.172E-04  6.478E-04  6.115E-04  2.375E-01  2.381E-01  1.738E-01  1.809E-01  1.096E+08  6.102E+06  1.381E+06  2.627E+09  4.393E+01  6.504E+01  2.088E-02  1.027E-02  6.094E-02  1.919E-06  8.824E-02  5.970E-04  1.561E-07  1.774E-12  5.317E-17  1.346E-22  3.530E-27  0.000E+00  0.000E+00  0.000E+00  4.236E-01  3.434E-03  0.43075447 107 152  4.223E+22
   141  5.165E-04  6.428E-04  6.108E-04  2.390E-01  2.397E-01  1.683E-01  1.752E-01  1.034E+08  6.109E+06  1.380E+06  2.641E+09  5.598E+01  6.208E+01  1.884E-02  9.133E-03  6.122E-02  1.924E-06  8.544E-02  5.964E-04  1.485E-07  1.706E-12  4.265E-17  7.987E-23  1.854E-27  0.000E+00  0.000E+00  0.000E+00  4.570E-01  3.593E-03  0.43066025  85 152  4.219E+22
   142  5.200E-04  6.468E-04  6.141E-04  2.373E-01  2.379E-01  1.731E-01  1.803E-01  1.103E+08  6.115E+06  1.379E+06  2.656E+09  8.634E+01  1.295E+02  2.063E-02  1.010E-02  6.103E-02  1.919E-06  8.799E-02  5.626E-04  1.438E-07  1.129E-12  1.506E-17  2.048E-23  4.703E-28  0.000E+00  0.000E+00  0.000E+00  7.324E-02  1.732E-03  0.43056613 130 152  4.215E+22
   143  5.200E-04  6.445E-04  6.119E-04  2.383E-01  2.390E-01  1.699E-01  1.768E-01  1.034E+08  6.121E+06  1.378E+06  2.671E+09  7.053E+01  8.761E+01  1.967E-02  9.548E-03  6.072E-02  1.910E-06  8.626E-02  5.635E-04  1.477E-07  1.166E-12  1.567E-17  1.695E-23  3.454E-28  0.000E+00  0.000E+00  0.000E+00  3.860E-01  2.551E-03  0.43047426 109 152  4.211E+22
   144  5.196E-04  6.442E-04  6.114E-04  2.384E-01  2.390E-01  1.699E-01  1.766E-01  1.035E+08  6.127E+06  1.378E+06  2.685E+09  6.187E+01  7.467E+01  1.958E-02  9.487E-03  6.081E-02  1.912E-06  8.620E-02  5.613E-04  1.414E-07  1.143E-12  1.486E-17  1.492E-23  2.664E-28  0.000E+00  0.000E+00  0.000E+00  3.850E-01  2.991E-03  0.43038246  88 152  4.208E+22
   145  5.198E-04  6.463E-04  6.148E-04  2.376E-01  2.383E-01  1.721E-01  1.792E-01  1.041E+08  6.131E+06  1.377E+06  2.701E+09  7.300E+01  5.762E+01  2.030E-02  9.875E-03  6.100E-02  1.918E-06  8.742E-02  5.614E-04  1.428E-07  1.109E-12  1.454E-17  1.564E-23  3.093E-28  0.000E+00  0.000E+00  0.000E+00  5.008E-01  3.897E-03  0.43028749 130 153  4.204E+22
   146  5.208E-04  6.451E-04  6.136E-04  2.380E-01  2.386E-01  1.707E-01  1.777E-01  1.269E+08  6.136E+06  1.376E+06  2.716E+09  3.518E+01  7.610E+01  1.989E-02  9.646E-03  6.090E-02  1.927E-06  8.673E-02  5.594E-04  1.449E-07  1.096E-12  1.355E-17  1.385E-23  2.854E-28  0.000E+00  0.000E+00  0.000E+00  3.950E-01  2.945E-03  0.43019472 108 153  4.200E+22
   147  5.210E-04  6.453E-04  6.138E-04  2.381E-01  2.387E-01  1.706E-01  1.776E-01  1.091E+08  6.140E+06  1.375E+06  2.732E+09  2.082E-03  4.257E+01  1.988E-02  9.694E-03  6.079E-02  1.909E-06  8.667E-02  5.590E-04  1.375E-07  1.088E-12  1.336E-17  1.560E-23  3.681E-28  0.000E+00  0.000E+00  0.000E+00  5.508E-01  5.267E-03  0.43010195  86 153  4.196E+22
   148  5.214E-04  6.422E-04  6.168E-04  2.394E-01  2.400E-01  1.662E-01  1.730E-01  1.326E+08  6.144E+06  1.374E+06  2.748E+09  5.060E+01  4.775E+01  1.825E-02  8.796E-03  6.101E-02  1.927E-06  8.441E-02  5.671E-04  1.419E-07  1.195E-12  1.478E-17  1.357E-23  2.696E-28  0.000E+00  0.000E+00  0.000E+00  5.176E-01  4.718E-03  0.43000658 131 152  4.192E+22
   149  5.258E-04  6.535E-04  6.187E-04  2.349E-01  2.355E-01  1.809E-01  1.882E-01  1.086E+08  6.147E+06  1.374E+06  2.765E+09  6.490E+01  4.623E+01  2.373E-02  1.162E-02  6.041E-02  1.917E-06  9.194E-02  5.329E-04  1.455E-07  7.990E-13  8.377E-18  8.093E-24  1.405E-28  0.000E+00  0.000E+00  0.000E+00  5.462E-01  4.889E-03  0.42991366 111 152  4.188E+22
   150  5.196E-04  6.427E-04  6.172E-04  2.396E-01  2.403E-01  1.660E-01  1.728E-01  1.059E+08  6.149E+06  1.373E+06  2.781E+09  4.520E+01  8.582E+01  1.829E-02  8.815E-03  6.085E-02  1.913E-06  8.430E-02  5.829E-04  1.473E-07  1.482E-12  3.076E-17  5.010E-23  1.110E-27  0.000E+00  0.000E+00  0.000E+00  3.555E-01  2.627E-03  0.42981606  90 152  4.185E+22
   151  5.261E-04  6.480E-04  6.136E-04  2.370E-01  2.376E-01  1.739E-01  1.808E-01  1.037E+08  6.152E+06  1.372E+06  2.798E+09  5.095E+01  6.135E+01  2.117E-02  1.027E-02  6.053E-02  1.906E-06  8.829E-02  5.376E-04  1.475E-07  9.096E-13  9.946E-18  8.508E-24  1.362E-28  0.000E+00  0.000E+00  0.000E+00  4.976E-01  3.653E-03  0.42972862 132 154  4.181E+22
   152  5.193E-04  6.472E-04  6.169E-04  2.377E-01  2.383E-01  1.718E-01  1.791E-01  1.041E+08  6.154E+06  1.371E+06  2.815E+09  2.024E+03  7.109E+01  2.031E-02  9.888E-03  6.095E-02  1.917E-06  8.739E-02  5.646E-04  1.443E-07  1.119E-12  1.463E-17  1.636E-23  3.375E-28  0.000E+00  0.000E+00  0.000E+00  4.481E-01  3.170E-03  0.42963110 108 154  4.177E+22
   153  5.223E-04  6.502E-04  6.198E-04  2.364E-01  2.370E-01  1.762E-01  1.834E-01  1.302E+08  6.156E+06  1.370E+06  2.832E+09  2.067E+03  4.046E+01  2.173E-02  1.059E-02  6.104E-02  1.935E-06  8.953E-02  5.497E-04  1.467E-07  9.546E-13  1.106E-17  1.064E-23  1.922E-28  0.000E+00  0.000E+00  0.000E+00  5.781E-01  5.596E-03  0.42953360  85 155  4.173E+22
   154  5.232E-04  6.418E-04  6.206E-04  2.398E-01  2.405E-01  1.645E-01  1.715E-01  1.036E+08  6.158E+06  1.370E+06  2.850E+09  1.902E-03  6.053E+01  1.795E-02  8.676E-03  6.062E-02  1.904E-06  8.369E-02  5.607E-04  1.373E-07  1.157E-12  1.350E-17  1.349E-23  3.190E-28  0.000E+00  0.000E+00  0.000E+00  4.678E-01  3.745E-03  0.42943624 131 152  4.169E+22
   155  5.299E-04  6.412E-04  6.152E-04  2.396E-01  2.403E-01  1.646E-01  1.717E-01  1.035E+08  6.160E+06  1.369E+06  2.868E+09  2.112E-03  6.835E+01  1.818E-02  8.798E-03  6.033E-02  1.896E-06  8.381E-02  5.469E-04  1.316E-07  1.024E-12  1.012E-17  8.470E-24  1.842E-28  0.000E+00  0.000E+00  0.000E+00  4.563E-01  3.288E-03  0.42935089 112 151  4.166E+22
   156  5.266E-04  6.426E-04  6.214E-04  2.394E-01  2.401E-01  1.654E-01  1.726E-01  1.134E+08  6.160E+06  1.368E+06  2.886E+09  1.535E-03  1.302E+02  1.821E-02  8.775E-03  6.082E-02  1.926E-06  8.422E-02  5.543E-04  1.374E-07  1.075E-12  1.124E-17  9.100E-24  1.777E-28  0.000E+00  0.000E+00  0.000E+00  1.854E-01  1.744E-03  0.42925606  93 152  4.162E+22
   157  5.306E-04  6.419E-04  6.207E-04  2.397E-01  2.403E-01  1.644E-01  1.716E-01  1.074E+08  6.161E+06  1.367E+06  2.905E+09  1.507E-03  1.031E+02  1.813E-02  8.712E-03  6.046E-02  1.915E-06  8.378E-02  5.453E-04  1.328E-07  1.018E-12  9.673E-18  6.885E-24  1.283E-28  0.000E+00  0.000E+00  0.000E+00  2.684E-01  2.199E-03  0.42916594  74 152  4.158E+22
   158  5.306E-04  6.530E-04  6.246E-04  2.356E-01  2.362E-01  1.787E-01  1.858E-01  1.082E+08  6.160E+06  1.366E+06  2.924E+09  1.495E+02  6.179E+01  2.298E-02  1.118E-02  6.035E-02  1.897E-06  9.077E-02  5.259E-04  1.342E-07  7.568E-13  6.830E-18  5.533E-24  9.666E-29  0.000E+00  0.000E+00  0.000E+00  4.854E-01  3.692E-03  0.42907186 133 155  4.154E+22
   159  5.259E-04  6.461E-04  6.308E-04  2.386E-01  2.362E-01  1.685E-01  1.861E-01  1.043E+08  6.161E+06  1.366E+06  2.943E+09  2.553E+02  4.894E+01  2.410E-02  1.007E-02  6.045E-02  1.898E-06  9.090E-02  5.420E-04  1.216E-07  9.713E-13  1.010E-17  8.154E-24  1.535E-28  0.000E+00  0.000E+00  0.000E+00  5.111E-01  4.708E-03  0.42896696 110 156  4.150E+22
   160  5.298E-04  6.456E-04  6.261E-04  2.387E-01  2.393E-01  1.681E-01  1.753E-01  1.348E+08  6.158E+06  1.365E+06  2.962E+09  5.177E+01  5.741E+01  1.951E-02  9.423E-03  6.024E-02  1.908E-06  8.561E-02  5.425E-04  1.358E-07  9.706E-13  1.009E-17  8.056E-24  1.470E-28  0.000E+00  0.000E+00  0.000E+00  5.013E-01  3.983E-03  0.42887073  87 155  4.146E+22
   161  5.327E-04  6.460E-04  6.265E-04  2.384E-01  2.390E-01  1.688E-01  1.760E-01  1.209E+08  6.157E+06  1.364E+06  2.982E+09  9.270E+01  1.082E+02  1.970E-02  9.505E-03  6.031E-02  1.911E-06  8.593E-02  5.350E-04  1.343E-07  8.924E-13  7.843E-18  5.336E-24  9.199E-29  0.000E+00  0.000E+00  0.000E+00  2.512E-01  2.116E-03  0.42877695 133 155  4.143E+22
   162  5.330E-04  6.484E-04  6.245E-04  2.376E-01  2.382E-01  1.715E-01  1.787E-01  1.037E+08  6.156E+06  1.363E+06  3.002E+09  2.398E+01  9.788E+01  2.077E-02  1.004E-02  6.004E-02  1.887E-06  8.727E-02  5.267E-04  1.312E-07  8.191E-13  7.106E-18  4.796E-24  8.139E-29  0.000E+00  0.000E+00  0.000E+00  3.734E-01  2.330E-03  0.42868541 112 155  4.139E+22
   163  5.304E-04  6.457E-04  6.306E-04  2.391E-01  2.367E-01  1.667E-01  1.843E-01  1.037E+08  6.155E+06  1.362E+06  3.023E+09  8.617E+01  4.888E+01  2.348E-02  9.765E-03  6.047E-02  1.893E-06  9.003E-02  5.382E-04  1.166E-07  9.437E-13  8.941E-18  6.140E-24  1.106E-28  0.000E+00  0.000E+00  0.000E+00  5.221E-01  4.712E-03  0.42858521  90 156  4.135E+22
   164  5.311E-04  6.501E-04  6.311E-04  2.376E-01  2.381E-01  1.721E-01  1.793E-01  1.041E+08  6.152E+06  1.362E+06  3.043E+09  6.223E+01  6.879E+01  2.082E-02  1.013E-02  6.023E-02  1.892E-06  8.754E-02  5.364E-04  1.393E-07  8.899E-13  9.007E-18  8.370E-24  1.803E-28  0.000E+00  0.000E+00  0.000E+00  4.657E-01  3.351E-03  0.42848519 133 157  4.131E+22
   165  5.350E-04  6.475E-04  6.327E-04  2.386E-01  2.362E-01  1.681E-01  1.857E-01  1.039E+08  6.150E+06  1.361E+06  3.065E+09  1.487E+02  7.478E+01  2.412E-02  1.009E-02  6.018E-02  1.884E-06  9.073E-02  5.325E-04  1.216E-07  8.773E-13  7.732E-18  5.643E-24  1.114E-28  0.000E+00  0.000E+00  0.000E+00  4.246E-01  3.091E-03  0.42838742 110 157  4.127E+22
   166  5.325E-04  6.578E-04  6.345E-04  2.352E-01  2.358E-01  1.804E-01  1.875E-01  1.160E+08  6.146E+06  1.360E+06  3.087E+09  9.472E+01  7.646E+01  2.371E-02  1.152E-02  6.012E-02  1.903E-06  9.157E-02  5.239E-04  1.431E-07  7.451E-13  7.162E-18  5.833E-24  9.309E-29  0.000E+00  0.000E+00  0.000E+00  4.363E-01  3.031E-03  0.42828535  87 158  4.123E+22
   167  5.325E-04  6.456E-04  6.386E-04  2.398E-01  2.404E-01  1.643E-01  1.715E-01  1.031E+08  6.141E+06  1.359E+06  3.109E+09  1.534E+02  9.300E+01  1.835E-02  8.825E-03  6.005E-02  1.890E-06  8.374E-02  5.390E-04  1.311E-07  9.727E-13  9.101E-18  6.346E-24  1.226E-28  0.000E+00  0.000E+00  0.000E+00  3.749E-01  2.508E-03  0.42817930 133 156  4.119E+22
   168  5.451E-04  6.415E-04  6.299E-04  2.408E-01  2.382E-01  1.604E-01  1.786E-01  1.030E+08  6.139E+06  1.358E+06  3.131E+09  1.023E+02  7.113E+01  2.183E-02  9.019E-03  5.995E-02  1.877E-06  8.729E-02  5.339E-04  1.161E-07  9.307E-13  7.111E-18  3.213E-24  6.587E-29  0.000E+00  0.000E+00  0.000E+00  4.684E-01  3.234E-03  0.42809449 114 155  4.116E+22
   169  5.356E-04  6.462E-04  6.392E-04  2.399E-01  2.406E-01  1.642E-01  1.710E-01  1.026E+08  6.134E+06  1.357E+06  3.155E+09  6.805E+01  1.181E+02  1.811E-02  8.690E-03  6.019E-02  1.891E-06  8.350E-02  5.405E-04  1.300E-07  9.924E-13  9.695E-18  6.634E-24  1.201E-28  0.000E+00  0.000E+00  0.000E+00  2.265E-01  1.978E-03  0.42799087  94 157  4.112E+22
   170  5.470E-04  6.580E-04  6.354E-04  2.356E-01  2.361E-01  1.785E-01  1.857E-01  1.037E+08  6.129E+06  1.357E+06  3.179E+09  1.118E+02  6.231E+01  2.328E-02  1.133E-02  5.989E-02  1.884E-06  9.064E-02  5.120E-04  1.394E-07  6.331E-13  4.082E-18  2.088E-24  0.000E+00  0.000E+00  0.000E+00  0.000E+00  4.971E-01  3.725E-03  0.42790245 137 159  4.108E+22
   171  5.359E-04  6.489E-04  6.468E-04  2.398E-01  2.376E-01  1.646E-01  1.814E-01  1.059E+08  6.123E+06  1.356E+06  3.204E+09  2.705E+02  4.479E+01  2.248E-02  9.524E-03  6.027E-02  1.891E-06  8.862E-02  5.355E-04  1.246E-07  9.420E-13  8.676E-18  4.845E-24  8.142E-29  0.000E+00  0.000E+00  0.000E+00  5.753E-01  5.274E-03  0.42779155 113 162  4.104E+22
   172  5.462E-04  6.509E-04  6.408E-04  2.388E-01  2.367E-01  1.674E-01  1.840E-01  1.033E+08  6.116E+06  1.355E+06  3.229E+09  1.046E+02  6.725E+01  2.363E-02  1.013E-02  5.980E-02  1.875E-06  8.996E-02  5.217E-04  1.195E-07  8.004E-13  6.145E-18  3.327E-24  4.715E-29  0.000E+00  0.000E+00  0.000E+00  4.247E-01  3.480E-03  0.42769699  88 160  4.100E+22
   173  5.410E-04  6.507E-04  6.486E-04  2.395E-01  2.402E-01  1.650E-01  1.723E-01  1.035E+08  6.108E+06  1.354E+06  3.255E+09  1.026E+03  4.396E+01  1.866E-02  8.958E-03  6.004E-02  1.905E-06  8.415E-02  5.334E-04  1.357E-07  9.166E-13  8.160E-18  4.835E-24  8.232E-29  0.000E+00  0.000E+00  0.000E+00  5.680E-01  5.389E-03  0.42758942 135 159  4.096E+22
   174  5.517E-04  6.545E-04  6.386E-04  2.371E-01  2.377E-01  1.733E-01  1.803E-01  1.031E+08  6.101E+06  1.353E+06  3.280E+09  1.321E+03  6.634E+01  2.155E-02  1.039E-02  5.972E-02  1.889E-06  8.811E-02  5.096E-04  1.284E-07  6.496E-13  3.699E-18  1.124E-24  0.000E+00  0.000E+00  0.000E+00  0.000E+00  4.962E-01  3.516E-03  0.42750250 115 158  4.093E+22
   175  5.434E-04  6.507E-04  6.485E-04  2.399E-01  2.406E-01  1.639E-01  1.709E-01  1.050E+08  6.095E+06  1.353E+06  3.307E+09  1.113E+03  7.540E+01  1.817E-02  8.701E-03  6.008E-02  1.894E-06  8.346E-02  5.327E-04  1.325E-07  9.073E-13  7.487E-18  3.669E-24  5.919E-29  0.000E+00  0.000E+00  0.000E+00  4.615E-01  3.142E-03  0.42739737  94 160  4.088E+22
   176  5.530E-04  6.490E-04  6.468E-04  2.397E-01  2.371E-01  1.642E-01  1.825E-01  1.028E+08  6.090E+06  1.352E+06  3.332E+09  1.704E+02  4.257E+01  2.306E-02  9.628E-03  6.009E-02  1.882E-06  8.920E-02  5.229E-04  1.153E-07  8.017E-13  5.105E-18  1.496E-24  0.000E+00  0.000E+00  0.000E+00  0.000E+00  5.654E-01  5.550E-03  0.42730355 138 159  4.085E+22
   177  5.483E-04  6.512E-04  6.491E-04  2.401E-01  2.408E-01  1.632E-01  1.702E-01  1.031E+08  6.083E+06  1.351E+06  3.360E+09  1.209E+03  3.743E+01  1.812E-02  8.685E-03  5.976E-02  1.887E-06  8.313E-02  5.297E-04  1.282E-07  8.958E-13  7.502E-18  3.873E-24  6.932E-29  0.000E+00  0.000E+00  0.000E+00  6.545E-01  6.333E-03  0.42720283 117 160  4.081E+22
   178  5.550E-04  6.486E-04  6.509E-04  2.407E-01  2.381E-01  1.608E-01  1.792E-01  1.030E+08  6.077E+06  1.350E+06  3.388E+09  1.065E+03  4.097E+01  2.158E-02  9.059E-03  6.047E-02  1.902E-06  8.752E-02  5.349E-04  1.207E-07  9.027E-13  6.264E-18  2.011E-24  2.277E-29  0.000E+00  0.000E+00  0.000E+00  6.474E-01  5.803E-03  0.42710687  96 160  4.077E+22
   179  5.545E-04  6.505E-04  6.577E-04  2.414E-01  2.386E-01  1.589E-01  1.778E-01  1.027E+08  6.070E+06  1.349E+06  3.418E+09  2.065E+02  9.899E+01  2.131E-02  8.875E-03  6.029E-02  1.898E-06  8.680E-02  5.331E-04  1.196E-07  9.378E-13  7.090E-18  2.918E-24  4.504E-29  0.000E+00  0.000E+00  0.000E+00  3.716E-01  2.427E-03  0.42700370 139 161  4.073E+22
   180  5.571E-04  6.506E-04  6.579E-04  2.409E-01  2.381E-01  1.603E-01  1.794E-01  1.026E+08  6.061E+06  1.348E+06  3.446E+09  1.443E+02  5.154E+01  2.218E-02  9.188E-03  5.981E-02  1.877E-06  8.767E-02  5.227E-04  1.182E-07  8.409E-13  5.599E-18  1.579E-24  0.000E+00  0.000E+00  0.000E+00  0.000E+00  5.433E-01  4.662E-03  0.42690294 118 161  4.069E+22
   181  5.581E-04  6.515E-04  6.588E-04  2.410E-01  2.381E-01  1.600E-01  1.791E-01  1.027E+08  6.053E+06  1.348E+06  3.475E+09  1.137E+03  7.175E+01  2.215E-02  9.201E-03  5.970E-02  1.873E-06  8.756E-02  5.235E-04  1.192E-07  8.409E-13  5.431E-18  1.759E-24  2.760E-31  0.000E+00  0.000E+00  0.000E+00  1.512E-01  3.354E-03  0.42680221  97 161  4.065E+22
   182  5.592E-04  6.574E-04  6.552E-04  2.393E-01  2.399E-01  1.660E-01  1.730E-01  1.028E+08  6.046E+06  1.347E+06  3.506E+09  1.391E+03  6.976E+01  1.916E-02  9.201E-03  5.958E-02  1.886E-06  8.450E-02  5.167E-04  1.276E-07  7.551E-13  4.703E-18  1.469E-24  0.000E+00  0.000E+00  0.000E+00  0.000E+00  4.737E-01  3.430E-03  0.42670620  77 161  4.062E+22
   183  5.593E-04  6.512E-04  6.488E-04  2.416E-01  2.423E-01  1.580E-01  1.650E-01  1.028E+08  6.039E+06  1.346E+06  3.535E+09  1.674E+03  9.320E+01  1.619E-02  7.736E-03  6.001E-02  1.908E-06  8.057E-02  5.408E-04  1.349E-07  9.807E-13  7.057E-18  2.268E-24  2.711E-29  0.000E+00  0.000E+00  0.000E+00  3.614E-01  2.543E-03  0.42661667 140 158  4.058E+22
   184  5.604E-04  6.548E-04  6.524E-04  2.409E-01  2.416E-01  1.605E-01  1.675E-01  1.026E+08  6.034E+06  1.345E+06  3.566E+09  1.642E+03  9.508E+01  1.614E-02  7.688E-03  6.144E-02  1.947E-06  8.168E-02  5.545E-04  1.294E-07  1.025E-12  7.380E-18  2.489E-24  0.000E+00  0.000E+00  0.000E+00  0.000E+00  2.110E-01  2.506E-03  0.42652470 123 159  4.055E+22
   185  5.624E-04  6.568E-04  6.543E-04  2.410E-01  2.417E-01  1.600E-01  1.672E-01  1.073E+08  6.028E+06  1.345E+06  3.599E+09  1.732E+03  5.776E+01  1.602E-02  7.621E-03  6.146E-02  1.950E-06  8.150E-02  5.550E-04  1.282E-07  1.035E-12  7.540E-18  2.486E-24  0.000E+00  0.000E+00  0.000E+00  0.000E+00  5.448E-01  4.137E-03  0.42643278 105 159  4.051E+22
   186  5.651E-04  6.595E-04  6.621E-04  2.411E-01  2.406E-01  1.596E-01  1.708E-01  1.027E+08  6.020E+06  1.344E+06  3.635E+09  1.652E+03  6.802E+01  1.759E-02  7.870E-03  6.152E-02  1.953E-06  8.331E-02  5.567E-04  1.328E-07  1.049E-12  7.853E-18  2.631E-24  3.770E-29  0.000E+00  0.000E+00  0.000E+00  5.045E-01  3.555E-03  0.42633577  88 161  4.047E+22
   187  5.670E-04  6.591E-04  6.665E-04  2.415E-01  2.388E-01  1.585E-01  1.773E-01  1.029E+08  6.009E+06  1.343E+06  3.668E+09  1.530E+03  6.717E+01  2.005E-02  8.477E-03  6.173E-02  1.950E-06  8.650E-02  5.574E-04  1.346E-07  1.049E-12  7.745E-18  2.653E-24  5.524E-29  0.000E+00  0.000E+00  0.000E+00  4.843E-01  3.625E-03  0.42623623 142 163  4.044E+22
   188  5.686E-04  6.629E-04  6.654E-04  2.412E-01  2.407E-01  1.593E-01  1.704E-01  1.039E+08  5.999E+06  1.342E+06  3.704E+09  1.652E+03  5.414E+01  1.820E-02  8.223E-03  6.023E-02  1.914E-06  8.317E-02  5.373E-04  1.294E-07  9.408E-13  6.668E-18  2.069E-24  0.000E+00  0.000E+00  0.000E+00  0.000E+00  5.414E-01  4.489E-03  0.42613939 122 163  4.040E+22
   189  5.705E-04  6.602E-04  6.677E-04  2.426E-01  2.398E-01  1.546E-01  1.736E-01  1.026E+08  5.988E+06  1.341E+06  3.738E+09  1.647E+03  8.887E+01  1.916E-02  7.893E-03  6.129E-02  1.925E-06  8.470E-02  5.630E-04  1.306E-07  1.143E-12  8.775E-18  2.892E-24  5.755E-29  0.000E+00  0.000E+00  0.000E+00  4.018E-01  2.744E-03  0.42604224 102 163  4.036E+22
   190  5.737E-04  6.680E-04  6.755E-04  2.416E-01  2.389E-01  1.581E-01  1.769E-01  1.027E+08  5.977E+06  1.341E+06  3.778E+09  1.583E+03  7.763E+01  2.016E-02  8.493E-03  6.140E-02  1.949E-06  8.632E-02  5.505E-04  1.316E-07  1.020E-12  7.383E-18  2.474E-24  3.901E-29  0.000E+00  0.000E+00  0.000E+00  4.092E-01  3.178E-03  0.42594047  83 165  4.032E+22
   191  5.752E-04  6.694E-04  6.721E-04  2.417E-01  2.411E-01  1.579E-01  1.692E-01  1.072E+08  5.964E+06  1.340E+06  3.814E+09  1.894E+03  1.296E+02  1.772E-02  7.942E-03  6.042E-02  1.917E-06  8.258E-02  5.431E-04  1.272E-07  9.897E-13  6.944E-18  2.255E-24  2.720E-29  0.000E+00  0.000E+00  0.000E+00  1.216E-01  1.894E-03  0.42584363 144 163  4.029E+22
   192  5.781E-04  6.696E-04  6.722E-04  2.424E-01  2.419E-01  1.554E-01  1.667E-01  1.025E+08  5.953E+06  1.339E+06  3.850E+09  2.016E+03  6.088E+01  1.630E-02  7.267E-03  6.130E-02  1.951E-06  8.129E-02  5.659E-04  1.336E-07  1.166E-12  9.006E-18  2.811E-24  4.479E-29  0.000E+00  0.000E+00  0.000E+00  5.393E-01  4.033E-03  0.42574949 126 163  4.025E+22
   193  5.802E-04  6.717E-04  6.797E-04  2.425E-01  2.396E-01  1.552E-01  1.745E-01  1.026E+08  5.943E+06  1.338E+06  3.886E+09  1.808E+03  6.031E+01  1.852E-02  7.673E-03  6.272E-02  1.990E-06  8.505E-02  5.795E-04  1.363E-07  1.242E-12  9.914E-18  3.315E-24  6.119E-29  0.000E+00  0.000E+00  0.000E+00  4.707E-01  4.116E-03  0.42564998 109 165  4.021E+22
   194  5.846E-04  6.760E-04  6.841E-04  2.433E-01  2.404E-01  1.526E-01  1.719E-01  1.026E+08  5.932E+06  1.337E+06  3.926E+09  1.910E+03  7.474E+01  1.859E-02  7.621E-03  6.131E-02  1.935E-06  8.386E-02  5.658E-04  1.315E-07  1.205E-12  9.545E-18  3.390E-24  6.331E-29  0.000E+00  0.000E+00  0.000E+00  1.307E-01  3.343E-03  0.42555052  91 166  4.018E+22
   195  5.890E-04  6.834E-04  6.907E-04  2.424E-01  2.400E-01  1.552E-01  1.734E-01  1.031E+08  5.919E+06  1.337E+06  3.966E+09  1.775E+03  8.240E+01  1.881E-02  7.872E-03  6.158E-02  1.950E-06  8.455E-02  5.675E-04  1.373E-07  1.175E-12  9.138E-18  3.839E-24  9.040E-29  0.000E+00  0.000E+00  0.000E+00  3.804E-01  3.061E-03  0.42544888 147 169  4.014E+22
   196  5.940E-04  6.858E-04  6.976E-04  2.435E-01  2.399E-01  1.515E-01  1.734E-01  1.027E+08  5.905E+06  1.336E+06  4.006E+09  1.769E+03  8.234E+01  1.960E-02  7.719E-03  6.090E-02  1.903E-06  8.461E-02  5.681E-04  1.297E-07  1.233E-12  9.581E-18  3.713E-24  6.730E-29  0.000E+00  0.000E+00  0.000E+00  4.161E-01  3.094E-03  0.42534523 127 171  4.010E+22
   197  5.989E-04  6.909E-04  7.029E-04  2.433E-01  2.397E-01  1.523E-01  1.742E-01  1.027E+08  5.892E+06  1.335E+06  4.046E+09  1.809E+03  5.749E+01  1.981E-02  7.862E-03  6.099E-02  1.916E-06  8.502E-02  5.670E-04  1.359E-07  1.204E-12  9.541E-18  3.217E-24  5.786E-29  0.000E+00  0.000E+00  0.000E+00  5.413E-01  4.466E-03  0.42524124 107 173  4.006E+22
   198  6.052E-04  6.992E-04  7.117E-04  2.429E-01  2.392E-01  1.536E-01  1.760E-01  1.057E+08  5.880E+06  1.334E+06  4.085E+09  1.865E+03  7.777E+01  2.012E-02  8.079E-03  6.137E-02  1.953E-06  8.586E-02  5.684E-04  1.421E-07  1.189E-12  9.252E-18  3.363E-24  6.407E-29  0.000E+00  0.000E+00  0.000E+00  4.771E-01  3.342E-03  0.42513476 151 173  4.002E+22
   199  2.372E-05  0.000E+00  9.425E-06  0.000E+00  2.778E-01  0.000E+00  2.719E-02  5.476E+07  5.873E+06  1.334E+06  4.106E+09  0.000E+00  1.744E+00  7.519E-03  5.024E-04  1.970E-03  1.577E-08  1.720E-02  2.871E-06  3.364E-10  1.443E-15  0.000E+00  0.000E+00  0.000E+00  0.000E+00  0.000E+00  0.000E+00  9.513E-02  1.973E-03  0.42514905 -17   2  4.003E+22
   200  6.052E-04  7.158E-04  7.283E-04  2.429E-01  2.393E-01  1.540E-01  1.759E-01  1.215E+08  5.866E+06  1.333E+06  4.129E+09  1.906E+03  6.720E+01  1.957E-02  7.881E-03  6.214E-02  1.980E-06  8.574E-02  5.858E-04  1.488E-07  1.305E-12  1.041E-17  4.958E-24  1.363E-28  0.000E+00  0.000E+00  0.000E+00  5.371E-01  3.959E-03  0.42502592 139 183  3.998E+22
   201  6.165E-04  7.079E-04  7.203E-04  2.444E-01  2.407E-01  1.486E-01  1.708E-01  1.031E+08  5.852E+06  1.332E+06  4.170E+09  2.107E+03  1.036E+02  1.876E-02  7.436E-03  6.067E-02  1.910E-06  8.331E-02  5.773E-04  1.397E-07  1.347E-12  1.083E-17  4.251E-24  1.049E-28  0.000E+00  0.000E+00  0.000E+00  2.730E-01  2.540E-03  0.42492215  90 155  3.994E+22
   202  6.278E-04  7.236E-04  7.363E-04  2.435E-01  2.399E-01  1.516E-01  1.737E-01  1.073E+08  5.839E+06  1.332E+06  4.212E+09  2.128E+03  8.017E+01  1.897E-02  7.645E-03  6.179E-02  1.970E-06  8.465E-02  5.887E-04  1.522E-07  1.367E-12  1.110E-17  5.466E-24  1.546E-28  0.000E+00  0.000E+00  0.000E+00  3.593E-01  3.354E-03  0.42481372 136 158  3.990E+22